102.830	0.173	280.4	1.8
106.885	0.311	274.9	0.7
107.195	0.322	277.9	0.7
110.245	0.427	279.1	1.3
110.500	0.435	281.9	1.1
113.265	0.530	277.7	0.7
115.480	0.604	281.1	1.1
118.615	0.709	282.2	0.5
121.500	0.806	280.1	0.6
124.815	0.917	278.4	1.5
127.015	0.991	276.6	1.4
129.745	1.083	279.1	1.0
132.500	1.175	277.7	1.2
134.715	1.249	278.7	1.2
138.015	1.362	277.4	0.8
141.295	1.477	279.2	0.9
144.050	1.574	280.0	0.8
146.265	1.653	278.9	0.8
149.015	1.751	278.7	0.7
151.195	1.830	278.0	1.2
154.500	1.948	276.9	0.7
157.815	2.069	276.7	0.8
160.030	2.150	276.7	0.8
162.165	2.228	277.6	1.3
165.515	2.352	277.9	0.5
168.280	2.453	273.9	1.1
171.000	2.550	278.9	0.6
173.135	2.625	275.3	1.6
176.515	2.743	274.7	1.2
178.715	2.820	276.3	0.9
181.445	2.918	274.6	0.8
185.845	3.078	276.3	1.5
187.515	3.138	273.1	1.1
189.715	3.219	274.0	0.3
193.000	3.337	275.0	0.6
196.295	3.454	273.4	1.3
198.515	3.531	273.0	0.8
201.280	3.628	271.5	1.0
204.000	3.724	275.4	0.5
206.195	3.802	274.9	1.3
209.515	3.921	271.7	1.0
212.265	4.019	271.6	0.7
215.000	4.117	272.8	0.8
216.645	4.176	271.5	0.9
221.050	4.335	271.1	0.8
222.715	4.395	269.1	0.6
225.480	4.496	269.8	1.0
228.195	4.596	271.5	0.8
232.050	4.737	270.7	0.5
233.715	4.797	269.3	1.0
236.465	4.895	268.6	1.1
240.265	5.033	269.8	1.2
242.500	5.114	267.6	0.6
244.715	5.196	265.3	1.7
248.015	5.318	265.2	0.8
250.715	5.419	267.6	2.0
253.500	5.521	265.9	0.9
256.265	5.621	265.5	0.8
259.015	5.721	260.7	1.6
260.645	5.780	266.7	0.9
264.500	5.921	265.5	0.8
268.365	6.064	263.2	0.6
269.415	6.102	262.7	0.9
272.195	6.205	261.2	0.7
276.065	6.349	261.1	0.4
278.265	6.430	259.4	0.6
280.530	6.514	262.1	0.9
283.715	6.631	262.9	0.5
285.965	6.713	258.1	1.4
288.165	6.792	257.6	0.9
292.000	6.930	262.3	0.9
294.745	7.031	263.0	0.7
297.515	7.132	260.7	0.6
299.715	7.211	258.4	0.8
303.000	7.328	260.1	0.6
305.745	7.424	260.4	0.4
308.515	7.521	259.7	0.9
311.260	7.617	259.2	0.7
313.995	7.714	260.8	1.4
316.745	7.813	259.6	0.5
319.515	7.915	259.3	0.9
322.265	8.017	258.3	1.2
325.000	8.118	261.3	0.9
326.545	8.174	260.7	0.4
330.500	8.315	261.8	1.0
333.265	8.412	259.0	1.1
336.015	8.508	260.9	0.7
338.645	8.599	260.4	0.6
341.500	8.697	259.3	1.0
343.715	8.772	262.0	0.8
347.015	8.883	263.7	1.2
349.745	8.974	263.8	0.8
352.580	9.067	265.2	0.9
355.815	9.171	260.6	1.7
357.465	9.224	260.9	0.6
360.195	9.310	263.0	0.4
362.980	9.399	263.8	1.2
369.545	9.604	264.4	0.4
371.230	9.657	264.2	0.9
375.045	9.776	264.0	0.3
377.265	9.846	263.4	0.1
379.995	9.931	265.7	0.5
382.215	10.001	264.9	0.4
385.125	10.093	267.5	0.4
388.225	10.192	266.9	0.6
390.445	10.263	266.0	1.1
393.780	10.370	265.1	1.6
396.495	10.458	267.6	0.7
399.280	10.550	264.8	0.6
401.995	10.640	264.8	0.4
404.185	10.712	265.0	0.8
404.780	10.732	265.3	0.4
406.385	10.785	264.4	1.5
407.495	10.822	264.1	0.7
409.700	10.896	264.2	1.1
411.380	10.952	264.5	0.4
413.030	11.008	264.0	0.5
414.750	11.066	263.0	1.3
415.730	11.099	265.2	0.8
417.065	11.144	258.8	0.7
418.530	11.195	260.8	0.5
420.485	11.263	255.4	0.3
421.795	11.310	253.9	0.6
422.900	11.349	253.8	0.8
426.100	11.468	250.7	1.1
427.330	11.515	249.7	0.4
428.300	11.554	251.1	0.3
429.495	11.602	250.7	0.9
431.730	11.695	245.3	1.1
433.785	11.784	245.3	0.6
434.995	11.838	246.6	0.5
437.230	11.941	243.2	0.4
438.850	12.017	240.3	0.3
443.795	12.258	237.5	0.5
446.030	12.372	237.6	0.6
448.745	12.511	234.2	0.3
450.980	12.625	238.3	1.1
454.245	12.789	237.3	0.5
457.030	12.927	237.9	0.2
459.895	13.068	237.6	0.6
463.630	13.252	236.4	0.9
465.245	13.332	239.2	0.5
467.450	13.440	238.6	0.6
470.195	13.574	238.6	0.3
473.055	13.711	239.1	0.4
479.705	14.022	228.5	0.6
484.100	14.230	228.4	0.7
487.245	14.387	226.1	0.6
490.030	14.532	225.2	0.5
492.195	14.647	224.5	0.6
496.070	14.855	222.0	0.8
499.345	15.037	221.0	0.8
501.580	15.166	220.9	0.5
504.195	15.323	219.4	0.6
506.530	15.466	214.0	0.8
509.245	15.637	207.5	0.9
512.030	15.818	207.7	0.5
514.745	16.002	202.9	0.7
517.530	16.199	200.8	1.0
520.245	16.400	195.2	0.3
523.030	16.616	193.9	0.5
526.295	16.883	191.0	0.5
528.530	17.073	188.5	0.7
531.245	17.311	188.5	0.7
532.930	17.463	189.2	0.4
536.745	17.815	187.0	0.2
539.530	18.074	188.6	0.5
542.900	18.391	189.4	0.4
543.345	18.433	192.3	0.6
543.930	18.487	188.3	0.6
548.845	18.948	188.7	0.2
550.510	19.104	188.8	0.5
553.245	19.360	190.0	0.8
556.030	19.621	188.0	0.9
557.890	19.795	188.2	0.7
558.195	19.824	195.0	0.7
561.530	20.137	187.8	0.4
564.260	20.390	186.9	0.3
567.030	20.646	186.5	0.3
569.745	20.897	184.7	1.2
572.530	21.156	186.1	0.4
576.325	21.511	185.7	1.3
578.105	21.676	184.4	0.8