1698.185	9.105	9105.0	-33.6859
1698.6825	9.11	9110.0	-32.3836
1699.184	9.114	9114.0	-33.6512
1699.683	9.12	9120.0	-35.3645
1700.185	9.125	9125.0	-34.273
1700.6785	9.13	9130.0	-33.3713
1701.172	9.134	9134.0	-33.1849
1701.676	9.139	9139.0	-34.409
1702.184	9.144	9144.0	-33.4468
1702.6825	9.149	9149.0	-34.1725
1703.285	9.154	9154.0	-32.921
1703.7325	9.159	9159.0	-33.4236
1704.183	9.162	9162.0	-32.8005
1704.681	9.167	9167.0	-33.587
1705.183	9.17	9170.0	-33.3064
1705.681	9.174	9174.0	-33.5475
1706.182	9.18	9180.0	-33.6287
1706.6805	9.184	9184.0	-33.8503
1707.182	9.188	9188.0	-33.6856
1707.6815	9.193	9193.0	-33.1943
1708.184	9.198	9198.0	-33.0134
1708.683	9.203	9203.0	-33.741
1709.186	9.208	9208.0	-33.7425
1709.684	9.213	9213.0	-33.6056
1710.186	9.218	9218.0	-33.9612
1710.6855	9.223	9223.0	-34.2864
1711.188	9.228	9228.0	-33.8705
1711.686	9.233	9233.0	-32.4805
1712.188	9.237	9237.0	-33.8088
1712.6875	9.243	9243.0	-33.7753
1713.19	9.248	9248.0	-33.0055
1713.689	9.253	9253.0	-34.4627
1714.191	9.257	9257.0	-33.034
1714.689	9.262	9262.0	-33.4739
1715.19	9.267	9267.0	-33.9263
1715.6895	9.273	9273.0	-34.896
1716.192	9.278	9278.0	-34.3112
1716.6925	9.283	9283.0	-33.8759
1717.196	9.287	9287.0	-33.785
1717.6655	9.292	9292.0	-32.3978
1718.135	9.296	9296.0	-33.9595
1718.6645	9.302	9302.0	-33.1231
1719.198	9.306	9306.0	-33.5703
1719.697	9.311	9311.0	-32.4138
1720.199	9.316	9316.0	-34.0311
1720.698	9.321	9321.0	-33.3001
1721.201	9.327	9327.0	-33.6729
1721.6995	9.331	9331.0	-33.7747
1722.202	9.336	9336.0	-34.2034
1722.7005	9.341	9341.0	-33.528
1723.303	9.347	9347.0	-33.6339
1723.7505	9.351	9351.0	-34.7452
1724.201	9.356	9356.0	-33.4273
1724.6995	9.36	9360.0	-33.1418
1725.201	9.364	9364.0	-33.0919
1725.6995	9.369	9369.0	-33.3808
1726.201	9.374	9374.0	-34.016
1726.7005	9.379	9379.0	-34.0798
1727.203	9.383	9383.0	-33.6431
1727.7015	9.388	9388.0	-33.5118
1728.203	9.393	9393.0	-33.5953
1728.703	9.397	9397.0	-33.7133
1729.206	9.401	9401.0	-33.2873
1729.7045	9.406	9406.0	-33.9988
1730.206	9.411	9411.0	-34.6087
1730.7045	9.416	9416.0	-34.8825
1731.207	9.421	9421.0	-33.3853
1731.7065	9.425	9425.0	-33.5037
1732.209	9.429	9429.0	-33.5766
1732.708	9.435	9435.0	-33.448
1733.21	9.44	9440.0	-33.9051
1733.7095	9.445	9445.0	-34.7675
1734.212	9.451	9451.0	-33.7482
1734.7105	9.456	9456.0	-33.3011
1735.212	9.461	9461.0	-34.384
1735.7115	9.466	9466.0	-33.9068
1736.215	9.471	9471.0	-33.343
1736.713	9.475	9475.0	-34.31
1737.214	9.481	9481.0	-34.0488
1737.713	9.486	9486.0	-34.0586
1738.215	9.491	9491.0	-34.2155
1738.713	9.496	9496.0	-34.1448
1739.214	9.5	9500.0	-33.9848
1739.7135	9.506	9506.0	-33.3625
1740.216	9.51	9510.0	-34.4133
1740.731	9.515	9515.0	-34.4528
1741.246	9.52	9520.0	-34.0088
1741.7295	9.525	9525.0	-34.0762
1742.217	9.529	9529.0	-34.0326
1742.716	9.534	9534.0	-33.859
1743.318	9.539	9539.0	-33.8101
1743.766	9.543	9543.0	-33.0189
1744.218	9.547	9547.0	-34.2544
1744.716	9.552	9552.0	-34.3815
1745.218	9.557	9557.0	-33.7882
1745.7165	9.561	9561.0	-34.0679
1746.215	9.565	9565.0	-34.5486
1746.713	9.57	9570.0	-33.8724
1747.218	9.574	9574.0	-33.1721
1747.7175	9.579	9579.0	-33.8868
1748.22	9.584	9584.0	-34.4563
1748.718	9.589	9589.0	-34.7402
1749.219	9.594	9594.0	-33.6958
1749.7175	9.598	9598.0	-34.597
1750.22	9.602	9602.0	-33.8952
1750.727	9.607	9607.0	-34.1878
1751.234	9.613	9613.0	-33.4928
1751.727	9.617	9617.0	-33.5536
1752.223	9.622	9622.0	-34.0557
1752.7215	9.626	9626.0	-33.2963
1753.223	9.63	9630.0	-33.5343
1753.7225	9.635	9635.0	-33.519
1754.225	9.639	9639.0	-34.2225
1754.7235	9.644	9644.0	-33.7269
1755.225	9.649	9649.0	-33.0437
1755.7235	9.654	9654.0	-34.4739
1756.225	9.659	9659.0	-34.1498
1756.7225	9.664	9664.0	-34.2007
1757.224	9.669	9669.0	-35.0881
1757.721	9.674	9674.0	-35.1204
1758.221	9.679	9679.0	-33.3892
1758.721	9.684	9684.0	-33.9405
1759.224	9.689	9689.0	-34.6121
1759.7225	9.693	9693.0	-34.434
1760.224	9.698	9698.0	-34.0474
1760.7235	9.703	9703.0	-33.4132
1761.226	9.708	9708.0	-33.6148
1761.7245	9.712	9712.0	-33.7125
1762.227	9.717	9717.0	-33.4704
1762.726	9.721	9721.0	-33.8218
1763.328	9.727	9727.0	-33.5261
1763.7755	9.732	9732.0	-34.5661
1764.226	9.736	9736.0	-34.647
1764.725	9.74	9740.0	-32.8807
1765.228	9.745	9745.0	-33.9896
1765.7265	9.75	9750.0	-34.3429
1766.229	9.755	9755.0	-34.7138
1766.7275	9.76	9760.0	-34.0399
1767.23	9.765	9765.0	-33.7309
1767.7295	9.769	9769.0	-34.4409
1768.232	9.774	9774.0	-34.2941
1768.731	9.779	9779.0	-34.3576
1769.233	9.783	9783.0	-34.6473
1769.732	9.789	9789.0	-34.274
1770.234	9.793	9793.0	-34.345
1770.7335	9.798	9798.0	-34.439
1771.236	9.803	9803.0	-35.1018
1771.7335	9.808	9808.0	-35.7242
1772.234	9.814	9814.0	-34.8556
1772.733	9.819	9819.0	-34.3462
1773.236	9.823	9823.0	-34.3358
1773.735	9.828	9828.0	-34.3883
1774.237	9.832	9832.0	-34.2886
1774.736	9.837	9837.0	-33.2837
1775.238	9.841	9841.0	-33.7893
1775.7365	9.846	9846.0	-34.3854
1776.239	9.851	9851.0	-33.7553
1776.737	9.855	9855.0	-34.0679
1777.238	9.859	9859.0	-34.4587
1777.7375	9.863	9863.0	-33.711
1778.24	9.867	9867.0	-33.5484
1778.7375	9.872	9872.0	-33.3103
1779.239	9.876	9876.0	-33.8835
1779.738	9.881	9881.0	-34.5186
1780.24	9.886	9886.0	-34.5971
1780.739	9.891	9891.0	-34.637
1781.241	9.895	9895.0	-36.3274
1781.7395	9.901	9901.0	-34.5248
1782.242	9.907	9907.0	-34.9028
1782.74	9.913	9913.0	-35.1554
1783.341	9.919	9919.0	-34.0387
1783.788	9.923	9923.0	-34.7778
1784.238	9.928	9928.0	-33.1722
1784.7365	9.932	9932.0	-33.8684
1785.238	9.937	9937.0	-34.3861
1785.7365	9.942	9942.0	-33.8068
1786.239	9.946	9946.0	-34.433
1786.7375	9.951	9951.0	-33.5957
1787.239	9.956	9956.0	-34.7136
1787.7375	9.962	9962.0	-34.22
1788.239	9.966	9966.0	-34.92
1788.737	9.971	9971.0	-34.5079
1789.238	9.976	9976.0	-34.6931
1789.7375	9.982	9982.0	-34.461
1790.241	9.987	9987.0	-34.0973
1790.7395	9.992	9992.0	-34.3815
1791.242	9.996	9996.0	-33.4951
1791.7405	10.001	10001.0	-33.8515
1792.242	10.006	10006.0	-34.0788
1792.7405	10.01	10010.0	-34.509
1793.242	10.016	10016.0	-34.495
1793.741	10.02	10020.0	-33.7127
1794.244	10.025	10025.0	-33.4479
1794.74	10.029	10029.0	-33.1799
1795.24	10.034	10034.0	-34.605
1795.738	10.038	10038.0	-34.2041
1796.24	10.043	10043.0	-34.6846
1796.739	10.048	10048.0	-34.4154
1797.241	10.053	10053.0	-35.477
1797.74	10.058	10058.0	-34.4158
1798.243	10.063	10063.0	-34.2661
1798.741	10.068	10068.0	-34.9431
1799.243	10.072	10072.0	-33.4933
1799.7415	10.077	10077.0	-34.6553
1800.244	10.083	10083.0	-33.7249
1800.7435	10.087	10087.0	-34.1753
1801.246	10.092	10092.0	-34.4355
1801.745	10.097	10097.0	-34.4258
1802.247	10.102	10102.0	-34.1233
1802.7465	10.107	10107.0	-34.0939
1803.349	10.113	10113.0	-33.8673
1803.797	10.117	10117.0	-34.4096
1804.248	10.122	10122.0	-34.7867
1804.7465	10.127	10127.0	-34.6696
1805.248	10.132	10132.0	-34.024
1805.7465	10.137	10137.0	-33.5587
1806.248	10.141	10141.0	-34.8247
1806.7335	10.146	10146.0	-35.3309
1807.219	10.15	10150.0	-34.799
1807.7345	10.155	10155.0	-34.6562
1808.253	10.161	10161.0	-33.796
1808.752	10.166	10166.0	-33.7788
1809.254	10.171	10171.0	-34.1291
1809.753	10.176	10176.0	-34.7542
1810.256	10.18	10180.0	-34.7126
1810.754	10.186	10186.0	-34.458
1811.255	10.191	10191.0	-33.9278
1811.754	10.195	10195.0	-34.2331
1812.256	10.201	10201.0	-34.1423
1812.7555	10.206	10206.0	-34.6218
1813.258	10.212	10212.0	-36.102
1813.7575	10.217	10217.0	-34.9396
1814.26	10.223	10223.0	-34.3158
1814.7585	10.228	10228.0	-34.0299
1815.261	10.232	10232.0	-33.881
1815.76	10.237	10237.0	-34.8375
1816.262	10.243	10243.0	-34.7356
1816.76	10.247	10247.0	-35.1384
1817.262	10.253	10253.0	-34.4378
1817.761	10.258	10258.0	-33.6498
1818.264	10.263	10263.0	-35.1593
1818.7615	10.267	10267.0	-34.9594
1819.262	10.272	10272.0	-32.7902
1819.7615	10.277	10277.0	-32.8435
1820.264	10.282	10282.0	-33.8627
1820.7625	10.286	10286.0	-34.0241
1821.264	10.291	10291.0	-33.8009
1821.7465	10.296	10296.0	-34.2173
1822.229	10.301	10301.0	-34.6605
1822.747	10.307	10307.0	-35.1484
1823.368	10.313	10313.0	-34.7035
1823.815	10.317	10317.0	-34.2815
1824.266	10.322	10322.0	-34.4146
1824.765	10.327	10327.0	-35.2856
1825.2645	10.332	10332.0	-34.2165
1825.764	10.337	10337.0	-33.9714
1826.269	10.342	10342.0	-34.8493
1826.7675	10.347	10347.0	-34.5656
1827.269	10.353	10353.0	-35.7839
1827.7685	10.358	10358.0	-34.2161
1828.271	10.363	10363.0	-34.5302
1828.77	10.368	10368.0	-34.2736
1829.272	10.373	10373.0	-34.5543
1829.7695	10.378	10378.0	-34.7521
1830.27	10.384	10384.0	-33.4881
1830.7695	10.389	10389.0	-34.2776
1831.272	10.394	10394.0	-35.1351
1831.7705	10.4	10400.0	-35.0696
1832.273	10.406	10406.0	-35.7781
1832.774	10.411	10411.0	-34.0799
1833.278	10.416	10416.0	-35.2425
1833.776	10.421	10421.0	-34.4201
1834.278	10.426	10426.0	-34.1173
1834.777	10.431	10431.0	-34.2856
1835.28	10.436	10436.0	-34.6321
1835.7805	10.442	10442.0	-34.0808
1836.284	10.446	10446.0	-34.2146
1836.7825	10.451	10451.0	-35.0839
1837.285	10.456	10456.0	-34.7908
1837.768	10.461	10461.0	-34.9701
1838.251	10.466	10466.0	-33.7111
1838.768	10.471	10471.0	-33.6892
1839.288	10.477	10477.0	-34.9053
1839.786	10.482	10482.0	-34.6888
1840.288	10.487	10487.0	-35.3852
1840.7865	10.492	10492.0	-35.186
1841.288	10.497	10497.0	-34.1583
1841.787	10.502	10502.0	-33.9758
1842.289	10.507	10507.0	-34.3767
1842.788	10.511	10511.0	-34.7366
1843.39	10.517	10517.0	-34.1487
1843.8375	10.521	10521.0	-34.504
1844.288	10.525	10525.0	-34.4155
1844.787	10.531	10531.0	-34.1449
1845.29	10.535	10535.0	-35.213
1845.7885	10.541	10541.0	-34.2049
1846.29	10.546	10546.0	-34.8065
1846.789	10.551	10551.0	-34.2042
1847.292	10.556	10556.0	-34.2538
1847.792	10.561	10561.0	-35.3717
1848.295	10.567	10567.0	-35.0123
1848.7945	10.572	10572.0	-35.5384
1849.297	10.577	10577.0	-34.2212
1849.7965	10.583	10583.0	-33.9279
1850.299	10.588	10588.0	-34.7694
1850.798	10.593	10593.0	-34.5551
1851.3	10.598	10598.0	-34.2311
1851.8	10.603	10603.0	-35.2006
1852.303	10.607	10607.0	-34.2942
1852.802	10.613	10613.0	-35.1896
1853.304	10.618	10618.0	-33.9514
1853.803	10.623	10623.0	-35.1877
1854.305	10.628	10628.0	-34.8518
1854.8035	10.633	10633.0	-34.0663
1855.305	10.638	10638.0	-34.4096
1855.805	10.644	10644.0	-35.4283
1856.308	10.649	10649.0	-35.0789
1856.829	10.654	10654.0	-34.9217
1857.35	10.659	10659.0	-33.8879
1857.829	10.664	10664.0	-33.6179
1858.357	10.669	10669.0	-34.6715
1858.8555	10.674	10674.0	-34.1297
1859.312	10.678	10678.0	-33.6489
1859.811	10.682	10682.0	-33.9135
1860.314	10.688	10688.0	-34.8746
1860.8135	10.693	10693.0	-35.1161
1861.316	10.698	10698.0	-35.1317
1861.8145	10.703	10703.0	-34.5074
1862.317	10.708	10708.0	-34.1295
1862.8155	10.712	10712.0	-35.1848
1863.417	10.718	10718.0	-35.3121
1863.865	10.723	10723.0	-34.8845
1864.316	10.728	10728.0	-34.1364
1864.8155	10.733	10733.0	-33.8271
1865.318	10.737	10737.0	-35.106
1865.818	10.742	10742.0	-34.752
1866.322	10.747	10747.0	-34.7069
1866.8205	10.752	10752.0	-35.0134
1867.322	10.757	10757.0	-35.245
1867.8215	10.762	10762.0	-33.7671
1868.324	10.767	10767.0	-35.3179
1868.8235	10.773	10773.0	-35.0312
1869.327	10.778	10778.0	-35.5041
1869.8265	10.783	10783.0	-35.7014
1870.329	10.788	10788.0	-34.0396
1870.829	10.793	10793.0	-35.7867
1871.332	10.798	10798.0	-34.0479
1871.831	10.804	10804.0	-34.867
1872.333	10.81	10810.0	-34.6626
1872.832	10.815	10815.0	-34.967
1873.334	10.819	10819.0	-34.8454
1873.834	10.825	10825.0	-35.2339
1874.338	10.83	10830.0	-33.9564
1874.8365	10.835	10835.0	-35.7633
1875.338	10.839	10839.0	-35.8371
1875.859	10.845	10845.0	-34.8229
1876.38	10.851	10851.0	-34.3501
1876.858	10.856	10856.0	-35.0298
1877.339	10.86	10860.0	-34.7802
1877.8395	10.865	10865.0	-34.3938
1878.344	10.87	10870.0	-33.9759
1878.8425	10.875	10875.0	-34.7318
1879.344	10.88	10880.0	-34.1393
1879.8435	10.884	10884.0	-34.1622
1880.346	10.889	10889.0	-34.8017
1880.845	10.894	10894.0	-35.5912
1881.347	10.899	10899.0	-35.5576
1881.846	10.904	10904.0	-34.3661
1882.348	10.908	10908.0	-34.7543
1882.848	10.913	10913.0	-34.5686
1883.452	10.918	10918.0	-34.2933
1883.899	10.922	10922.0	-33.989
1884.35	10.927	10927.0	-35.2107
1884.849	10.932	10932.0	-35.3123
1885.352	10.937	10937.0	-34.2384
1885.8525	10.942	10942.0	-34.9055
1886.356	10.947	10947.0	-35.3755
1886.8555	10.952	10952.0	-34.8399
1887.358	10.957	10957.0	-35.4734
1887.857	10.962	10962.0	-34.076
1888.359	10.967	10967.0	-35.4478
1888.858	10.971	10971.0	-34.3305
1889.36	10.976	10976.0	-34.449
1889.86	10.981	10981.0	-34.9731
1890.364	10.986	10986.0	-34.3432
1890.8625	10.991	10991.0	-35.3003
1891.364	10.996	10996.0	-34.5846
1891.863	11.001	11001.0	-35.2945
1892.365	11.005	11005.0	-34.9864
1892.866	11.01	11010.0	-35.4252
1893.37	11.015	11015.0	-35.3591
1893.869	11.02	11020.0	-34.7432
1894.371	11.025	11025.0	-35.1203
1894.881	11.029	11029.0	-34.9054
1895.391	11.034	11034.0	-34.9972
1895.8805	11.039	11039.0	-34.2627
1896.373	11.043	11043.0	-35.3539
1896.872	11.049	11049.0	-35.0616
1897.374	11.054	11054.0	-34.8171
1897.873	11.059	11059.0	-35.3399
1898.375	11.064	11064.0	-36.5807
1898.8745	11.069	11069.0	-35.4393
1899.377	11.074	11074.0	-33.7963
1899.8755	11.079	11079.0	-34.195
1900.377	11.083	11083.0	-33.4737
1900.8775	11.087	11087.0	-34.1523
1901.381	11.092	11092.0	-34.0602
1901.8795	11.096	11096.0	-33.9704
1902.381	11.101	11101.0	-34.8946
1902.879	11.106	11106.0	-34.68
1903.48	11.112	11112.0	-34.6509
1903.9285	11.117	11117.0	-34.7935
1904.38	11.121	11121.0	-34.9575
1904.879	11.126	11126.0	-35.0146
1905.381	11.131	11131.0	-35.9436
1905.88	11.135	11135.0	-35.9118
1906.382	11.141	11141.0	-36.1168
1906.8815	11.146	11146.0	-35.315
1907.385	11.152	11152.0	-35.7078
1907.8825	11.157	11157.0	-34.9531
1908.383	11.161	11161.0	-35.0864
1908.8835	11.166	11166.0	-35.211
1909.388	11.171	11171.0	-35.5303
1909.888	11.175	11175.0	-34.6248
1910.391	11.18	11180.0	-34.4982
1910.89	11.185	11185.0	-35.0144
1911.392	11.19	11190.0	-35.0131
1911.8925	11.193	11193.0	-35.0956
1912.397	11.198	11198.0	-35.3686
1912.8955	11.203	11203.0	-34.7419
1913.397	11.207	11207.0	-35.1845
1913.8975	11.213	11213.0	-34.4877
1914.401	11.218	11218.0	-35.3543
1914.8995	11.223	11223.0	-35.2322
1915.401	11.228	11228.0	-35.1435
1915.9005	11.233	11233.0	-34.5634
1916.404	11.238	11238.0	-34.3649
1916.9045	11.242	11242.0	-34.7017
1917.408	11.247	11247.0	-34.5738
1917.9075	11.251	11251.0	-34.8659
1918.411	11.256	11256.0	-34.1082
1918.9105	11.262	11262.0	-35.2474
1919.41	11.266	11266.0	-35.1901
1919.911	11.271	11271.0	-34.1637
1920.415	11.276	11276.0	-34.5336
1920.9145	11.281	11281.0	-34.9833
1921.417	11.287	11287.0	-35.8818
1921.917	11.292	11292.0	-35.1039
1922.42	11.297	11297.0	-35.1849
1922.919	11.302	11302.0	-34.8914
1923.521	11.307	11307.0	-34.9509
1923.969	11.311	11311.0	-35.3001
1924.42	11.316	11316.0	-34.6138
1924.9585	11.32	11320.0	-35.0494
1925.501	11.326	11326.0	-35.1263
1925.9615	11.33	11330.0	-34.5478
1926.422	11.334	11334.0	-34.1538
1926.9215	11.338	11338.0	-34.3867
1927.421	11.342	11342.0	-34.4676
1927.9215	11.347	11347.0	-35.5766
1928.425	11.351	11351.0	-35.5901
1928.925	11.356	11356.0	-35.1135
1929.428	11.361	11361.0	-35.6534
1929.927	11.366	11366.0	-35.2285
1930.429	11.37	11370.0	-34.4823
1930.928	11.374	11374.0	-35.5533
1931.43	11.379	11379.0	-35.3378
1931.929	11.383	11383.0	-34.7596
1932.431	11.388	11388.0	-34.543
1932.9305	11.393	11393.0	-35.0376
1933.433	11.398	11398.0	-35.1368
1933.9315	11.402	11402.0	-35.096
1934.434	11.407	11407.0	-35.1756
1934.9335	11.412	11412.0	-34.3697
1935.436	11.416	11416.0	-35.1687
1935.9355	11.42	11420.0	-34.9946
1936.438	11.425	11425.0	-36.0789
1936.937	11.43	11430.0	-35.3826
1937.439	11.434	11434.0	-35.7224
1937.9385	11.439	11439.0	-35.757
1938.441	11.444	11444.0	-34.8765
1938.9395	11.449	11449.0	-35.0807
1939.438	11.453	11453.0	-34.4084
1939.9375	11.458	11458.0	-34.5641
1940.44	11.461	11461.0	-35.3323
1940.9395	11.466	11466.0	-33.9611
1941.439	11.47	11470.0	-35.0563
1941.9405	11.474	11474.0	-35.1121
1942.442	11.479	11479.0	-34.2404
1942.9415	11.484	11484.0	-35.103
1943.444	11.488	11488.0	-35.1353
1943.9445	11.492	11492.0	-35.9829
1944.445	11.497	11497.0	-34.2915
1944.946	11.501	11501.0	-34.4838
1945.45	11.505	11505.0	-35.7841
1945.9485	11.51	11510.0	-35.6246
1946.45	11.514	11514.0	-35.3664
1946.9635	11.519	11519.0	-35.4549
1947.477	11.524	11524.0	-36.0369
1947.962	11.528	11528.0	-35.0946
1948.45	11.533	11533.0	-35.6778
1948.95	11.537	11537.0	-33.8791
1949.453	11.541	11541.0	-35.2422
1949.952	11.545	11545.0	-34.7013
1950.454	11.55	11550.0	-34.8503
1950.953	11.553	11553.0	-34.7143
1951.455	11.558	11558.0	-35.8821
1951.954	11.562	11562.0	-35.0672
1952.453	11.567	11567.0	-35.2325
1952.953	11.571	11571.0	-34.9973
1953.456	11.576	11576.0	-35.616
1953.9545	11.58	11580.0	-34.7459
1954.453	11.584	11584.0	-34.192
1954.9545	11.588	11588.0	-33.5102
1955.461	11.591	11591.0	-34.2879
1955.9625	11.596	11596.0	-34.9501
1956.467	11.6	11600.0	-34.4741
1956.9655	11.603	11603.0	-33.9023
1957.469	11.607	11607.0	-35.5459
1957.97	11.611	11611.0	-34.9442
1958.4765	11.615	11615.0	-33.8435
1958.976	11.619	11619.0	-34.0574
1959.473	11.623	11623.0	-34.4801
1959.9725	11.627	11627.0	-34.3361
1960.472	11.631	11631.0	-34.1769
1960.9715	11.635	11635.0	-33.6727
1961.475	11.639	11639.0	-34.101
1961.973	11.643	11643.0	-33.6514
1962.474	11.647	11647.0	-34.1377
1962.9725	11.652	11652.0	-34.6193
1963.524	11.657	11657.0	-33.7471
1963.9725	11.66	11660.0	-34.6861
1964.474	11.665	11665.0	-35.6748
1964.9725	11.669	11669.0	-34.814
1965.473	11.674	11674.0	-34.3714
1965.9715	11.678	11678.0	-34.1528
1966.478	11.682	11682.0	-35.252
1966.978	11.687	11687.0	-35.1962
1967.477	11.691	11691.0	-34.4711
1967.975	11.696	11696.0	-34.7535
1968.477	11.7	11700.0	-34.5061
1968.975	11.704	11704.0	-34.3093
1969.476	11.708	11708.0	-34.5039
1969.9745	11.713	11713.0	-35.6163
1970.477	11.718	11718.0	-35.0272
1970.975	11.722	11722.0	-34.1828
1971.478	11.727	11727.0	-34.8912
1971.976	11.731	11731.0	-35.2739
1972.478	11.736	11736.0	-34.8495
1972.9675	11.74	11740.0	-35.433
1973.457	11.744	11744.0	-35.1576
1973.9665	11.749	11749.0	-34.349
1974.479	11.754	11754.0	-35.6276
1974.978	11.759	11759.0	-35.2246
1975.48	11.764	11764.0	-35.5791
1975.979	11.768	11768.0	-34.7994
1976.481	11.772	11772.0	-34.5623
1976.9795	11.776	11776.0	-34.7936
1977.482	11.781	11781.0	-34.3926
1977.98	11.786	11786.0	-34.8711
1978.48	11.791	11791.0	-35.2286
1978.9785	11.796	11796.0	-34.551
1979.48	11.8	11800.0	-35.2721
1979.979	11.805	11805.0	-35.3757
1980.481	11.81	11810.0	-35.1216
1980.98	11.816	11816.0	-35.7217
1981.482	11.82	11820.0	-34.5707
1981.979	11.826	11826.0	-34.2229
1982.479	11.831	11831.0	-35.3061
1982.979	11.835	11835.0	-34.2971
1983.532	11.841	11841.0	-33.7592
1983.9815	11.846	11846.0	-34.976
1984.484	11.851	11851.0	-34.4644
1984.9815	11.856	11856.0	-33.876
1985.482	11.862	11862.0	-34.5109
1985.966	11.867	11867.0	-34.2209
1986.45	11.872	11872.0	-34.7737
1986.965	11.877	11877.0	-35.1571
1987.483	11.883	11883.0	-34.0086
1987.9815	11.888	11888.0	-35.3299
1988.483	11.894	11894.0	-34.4215
1988.9825	11.898	11898.0	-33.7396
1989.485	11.903	11903.0	-33.7954
1989.983	11.909	11909.0	-34.178
1990.484	11.914	11914.0	-34.5958
1990.984	11.918	11918.0	-34.517
1991.487	11.923	11923.0	-33.9438
1991.986	11.928	11928.0	-35.0866
1992.488	11.934	11934.0	-33.6744
1992.987	11.94	11940.0	-34.1854
1993.489	11.945	11945.0	-34.6431
1993.987	11.949	11949.0	-34.0468
1994.488	11.955	11955.0	-34.884
1994.9875	11.96	11960.0	-34.0897
1995.49	11.966	11966.0	-34.9977
1995.988	11.972	11972.0	-34.2569
1996.489	11.978	11978.0	-34.5924
1996.9885	11.983	11983.0	-35.5463
1997.491	11.988	11988.0	-35.9869
1997.9885	11.994	11994.0	-34.0111
1998.491	12	12000.0	-35.1665
1998.99	12.006	12006.0	-34.9106
1999.492	12.012	12012.0	-36.1017
1999.991	12.017	12017.0	-34.4749
2000.493	12.023	12023.0	-35.0734
2000.992	12.028	12028.0	-34.8494
2001.494	12.034	12034.0	-35.071
2001.993	12.04	12040.0	-34.3827
2002.495	12.046	12046.0	-34.4816
2002.993	12.051	12051.0	-34.6762
2003.544	12.058	12058.0	-34.6499
2003.991	12.063	12063.0	-34.8226
2004.491	12.069	12069.0	-35.7126
2004.9895	12.075	12075.0	-36.0556
2005.491	12.081	12081.0	-35.2918
2005.991	12.086	12086.0	-34.0041
2006.491	12.092	12092.0	-34.2013
2006.989	12.097	12097.0	-34.2523
2007.49	12.103	12103.0	-34.3023
2007.989	12.109	12109.0	-35.0893
2008.481	12.114	12114.0	-34.6681
2008.9795	12.12	12120.0	-35.2285
2009.491	12.126	12126.0	-35.8703
2009.99	12.131	12131.0	-34.8824
2010.492	12.137	12137.0	-35.3875
2010.9905	12.143	12143.0	-36.1192
2011.492	12.149	12149.0	-35.6617
2011.9915	12.155	12155.0	-35.5592
2012.494	12.161	12161.0	-35.0154
2012.9935	12.166	12166.0	-34.8204
2013.496	12.171	12171.0	-35.2019
2013.9945	12.177	12177.0	-35.7073
2014.486	12.183	12183.0	-36.179
2014.976	12.189	12189.0	-34.6292
2015.476	12.192	12192.0	-34.717
2015.9855	12.197	12197.0	-35.3983
2016.498	12.202	12202.0	-36.2864
2016.9955	12.208	12208.0	-34.4484
2017.496	12.214	12214.0	-36.1588
2017.9945	12.22	12220.0	-35.6407
2018.496	12.226	12226.0	-34.5661
2018.994	12.232	12232.0	-35.799
2019.495	12.238	12238.0	-33.9528
2019.993	12.244	12244.0	-35.1943
2020.494	12.25	12250.0	-35.0631
2020.993	12.255	12255.0	-34.3632
2021.495	12.26	12260.0	-35.1434
2021.9935	12.266	12266.0	-35.429
2022.495	12.271	12271.0	-36.2214
2022.995	12.276	12276.0	-34.599
2023.548	12.282	12282.0	-35.7771
2023.9965	12.287	12287.0	-33.7555
2024.498	12.292	12292.0	-35.3481
2024.9965	12.297	12297.0	-35.407
2025.498	12.303	12303.0	-35.9942
2025.997	12.309	12309.0	-36.863
2026.499	12.315	12315.0	-35.9566
2026.9975	12.322	12322.0	-35.9214
2027.499	12.328	12328.0	-36.376
2028.0045	12.334	12334.0	-35.3003
2028.51	12.34	12340.0	-36.6865
2029.001	12.344	12344.0	-35.2128
2029.495	12.35	12350.0	-36.866
2029.9925	12.354	12354.0	-36.2942
2030.493	12.36	12360.0	-36.3972
2030.992	12.366	12366.0	-36.5213
2031.494	12.372	12372.0	-35.6299
2031.993	12.378	12378.0	-35.644
2032.495	12.383	12383.0	-35.732
2032.9935	12.388	12388.0	-36.1819
2033.495	12.393	12393.0	-36.5947
2033.993	12.399	12399.0	-36.149
2034.494	12.405	12405.0	-35.8236
2034.9925	12.41	12410.0	-35.3713
2035.494	12.415	12415.0	-35.9776
2035.993	12.421	12421.0	-36.1034
2036.495	12.426	12426.0	-35.7556
2036.993	12.431	12431.0	-35.6495
2037.494	12.437	12437.0	-36.1884
2037.9935	12.442	12442.0	-36.9935
2038.496	12.447	12447.0	-35.6831
2038.9945	12.453	12453.0	-36.0388
2039.496	12.458	12458.0	-36.5032
2039.9945	12.464	12464.0	-36.2367
2040.496	12.469	12469.0	-36.0567
2040.9735	12.475	12475.0	-35.7496
2041.451	12.48	12480.0	-36.1995
2041.9725	12.487	12487.0	-36.6706
2042.497	12.494	12494.0	-36.2305
2042.995	12.499	12499.0	-36.3383
2043.546	12.506	12506.0	-37.5149
2043.994	12.511	12511.0	-36.4598
2044.495	12.516	12516.0	-37.2189
2044.9945	12.522	12522.0	-37.2762
2045.497	12.529	12529.0	-36.5433
2045.9945	12.535	12535.0	-36.3032
2046.495	12.541	12541.0	-36.6311
2046.9945	12.546	12546.0	-37.4975
2047.497	12.551	12551.0	-37.568
2047.995	12.556	12556.0	-35.8176
2048.496	12.561	12561.0	-34.892
2048.9945	12.567	12567.0	-36.753
2049.496	12.572	12572.0	-35.6743
2049.9945	12.577	12577.0	-36.7129
2050.496	12.583	12583.0	-35.5969
2050.9935	12.588	12588.0	-36.8565
2051.494	12.594	12594.0	-36.2068
2051.9935	12.6	12600.0	-36.4355
2052.496	12.606	12606.0	-36.6688
2052.9945	12.612	12612.0	-36.9602
2053.496	12.617	12617.0	-36.4758
2053.9935	12.623	12623.0	-36.1068
2054.494	12.628	12628.0	-35.814
2054.993	12.633	12633.0	-36.4076
2055.495	12.638	12638.0	-36.7982
2055.9935	12.644	12644.0	-36.4766
2056.494	12.648	12648.0	-36.5289
2056.993	12.654	12654.0	-37.6036
2057.496	12.66	12660.0	-36.2652
2057.9945	12.666	12666.0	-36.7518
2058.493	12.672	12672.0	-36.7665
2058.9905	12.678	12678.0	-36.5438
2059.491	12.684	12684.0	-36.5225
2059.989	12.69	12690.0	-36.875
2060.49	12.695	12695.0	-35.9894
2060.988	12.7	12700.0	-36.1982
2061.489	12.706	12706.0	-37.4646
2061.9875	12.71	12710.0	-37.4683
2062.489	12.715	12715.0	-37.0419
2062.988	12.721	12721.0	-36.9431
2063.49	12.726	12726.0	-36.6238
2063.9895	12.732	12732.0	-36.7736
2064.489	12.738	12738.0	-36.7806
2064.987	12.744	12744.0	-36.6738
2065.488	12.75	12750.0	-35.858
2065.9855	12.755	12755.0	-38.4896
2066.486	12.761	12761.0	-39.0459
2066.9845	12.767	12767.0	-36.9831
2067.486	12.773	12773.0	-36.9075
2067.985	12.779	12779.0	-36.5016
2068.487	12.784	12784.0	-38.2006
2068.9855	12.79	12790.0	-36.9322
2069.487	12.795	12795.0	-36.7355
2069.9855	12.801	12801.0	-37.5932
2070.4895	12.807	12807.0	-37.1153
2070.989	12.813	12813.0	-37.3233
2071.489	12.819	12819.0	-37.257
2071.9875	12.824	12824.0	-37.1029
2072.489	12.83	12830.0	-37.0822
2072.9875	12.835	12835.0	-37.3151
2073.489	12.84	12840.0	-37.7514
2073.987	12.846	12846.0	-37.1339
2074.488	12.852	12852.0	-37.3197
2074.988	12.857	12857.0	-37.353
2075.491	12.863	12863.0	-37.2535
2075.989	12.868	12868.0	-37.9645
2076.49	12.874	12874.0	-38.5471
2076.9985	12.879	12879.0	-37.0329
2077.507	12.886	12886.0	-37.6133
2077.9985	12.892	12892.0	-38.1922
2078.493	12.897	12897.0	-37.4788
2078.9915	12.902	12902.0	-37.7754
2079.493	12.908	12908.0	-37.2684
2079.9915	12.913	12913.0	-36.3043
2080.4855	12.92	12920.0	-36.4888
2080.9845	12.926	12926.0	-36.5888
2081.494	12.931	12931.0	-38.0439
2081.993	12.936	12936.0	-37.077
2082.495	12.941	12941.0	-37.4433
2082.993	12.946	12946.0	-37.7407
2083.544	12.953	12953.0	-37.4765
2083.992	12.957	12957.0	-36.6493
2084.493	12.962	12962.0	-37.4345
2084.9915	12.967	12967.0	-37.5878
2085.493	12.973	12973.0	-36.993
2085.991	12.978	12978.0	-38.4776
2086.492	12.983	12983.0	-37.6755
2086.991	12.988	12988.0	-38.442
2087.493	12.994	12994.0	-36.3247
2087.991	12.998	12998.0	-37.0974
2088.492	13.004	13004.0	-36.8665
2088.99	13.009	13009.0	-37.4943
2089.491	13.014	13014.0	-36.4787
2089.9895	13.019	13019.0	-36.8677
2090.491	13.024	13024.0	-38.1978
2090.99	13.031	13031.0	-36.7387
2091.492	13.036	13036.0	-36.6867
2091.99	13.042	13042.0	-36.4612
2092.491	13.047	13047.0	-37.3591
2092.989	13.052	13052.0	-38.7517
2093.49	13.058	13058.0	-38.045
2093.9895	13.063	13063.0	-37.6294
2094.492	13.069	13069.0	-36.8051
2094.99	13.074	13074.0	-38.3364
2095.491	13.079	13079.0	-36.698
2095.99	13.084	13084.0	-39.0023
2096.492	13.09	13090.0	-37.1313
2096.9905	13.095	13095.0	-37.2525
2097.492	13.1	13100.0	-37.2277
2097.99	13.104	13104.0	-36.8323
2098.491	13.109	13109.0	-36.0767
2098.99	13.114	13114.0	-37.4051
2099.492	13.119	13119.0	-36.7587
2100.033	13.124	13124.0	-37.0797
2100.574	13.13	13130.0	-37.0843
2101.032	13.135	13135.0	-38.1551
2101.493	13.139	13139.0	-38.9215
2101.991	13.144	13144.0	-38.241
2102.492	13.15	13150.0	-37.408
2102.991	13.155	13155.0	-38.8543
2103.493	13.16	13160.0	-37.2118
2103.9915	13.165	13165.0	-36.7045
2104.493	13.17	13170.0	-37.7821
2104.991	13.176	13176.0	-37.6346
2105.492	13.181	13181.0	-37.1296
2105.9905	13.186	13186.0	-36.9641
2106.492	13.191	13191.0	-36.876
2106.991	13.197	13197.0	-37.6859
2107.493	13.202	13202.0	-37.8618
2107.991	13.207	13207.0	-38.7035
2108.492	13.212	13212.0	-36.6408
2108.9905	13.217	13217.0	-36.9414
2109.492	13.221	13221.0	-36.5613
2109.992	13.227	13227.0	-38.5394
2110.495	13.232	13232.0	-36.7103
2110.993	13.236	13236.0	-38.3617
2111.494	13.242	13242.0	-38.1847
2111.9925	13.247	13247.0	-37.8368
2112.494	13.253	13253.0	-37.7461
2112.9675	13.258	13258.0	-38.3027
2113.441	13.262	13262.0	-37.6088
2113.9655	13.268	13268.0	-36.8141
2114.493	13.274	13274.0	-36.4696
2114.9915	13.28	13280.0	-37.414
2115.493	13.286	13286.0	-37.6052
2115.991	13.291	13291.0	-37.9853
2116.492	13.296	13296.0	-36.4953
2116.9905	13.302	13302.0	-36.4137
2117.492	13.308	13308.0	-37.7143
2117.9905	13.313	13313.0	-36.8723
2118.492	13.319	13319.0	-37.3994
2118.99	13.324	13324.0	-38.2057
2119.491	13.33	13330.0	-38.2395
2119.99	13.335	13335.0	-36.6365
2120.492	13.34	13340.0	-37.3309
2120.99	13.346	13346.0	-36.6309
2121.491	13.351	13351.0	-36.4378
2121.9895	13.356	13356.0	-37.7872
2122.491	13.362	13362.0	-36.5872
2122.998	13.367	13367.0	-37.7534
2123.565	13.374	13374.0	-38.0479
2124.0025	13.379	13379.0	-37.832
2124.493	13.384	13384.0	-36.2793
2124.992	13.39	13390.0	-37.9709
2125.494	13.396	13396.0	-37.6305
2125.9935	13.402	13402.0	-36.6621
2126.496	13.407	13407.0	-36.7041
2126.994	13.412	13412.0	-37.6831
2127.495	13.419	13419.0	-37.4001
2127.994	13.424	13424.0	-38.9031
2128.496	13.43	13430.0	-37.9619
2128.994	13.436	13436.0	-36.1149
2129.494	13.442	13442.0	-36.9106
2129.993	13.448	13448.0	-36.4847
2130.496	13.453	13453.0	-36.779
2130.994	13.459	13459.0	-37.6969
2131.495	13.464	13464.0	-37.2484
2131.9935	13.469	13469.0	-37.3503
2132.492	13.475	13475.0	-36.8583
2133.0055	13.481	13481.0	-37.544
2133.519	13.487	13487.0	-37.2212
2134.0055	13.492	13492.0	-36.2154
2134.495	13.498	13498.0	-36.2775
2134.9925	13.503	13503.0	-38.0591
2135.493	13.508	13508.0	-37.6081
2135.992	13.514	13514.0	-38.3563
2136.494	13.52	13520.0	-36.8365
2136.9925	13.525	13525.0	-37.4562
2137.494	13.531	13531.0	-38.3854
2137.9905	13.537	13537.0	-37.3577
2138.49	13.543	13543.0	-37.0595
2138.9885	13.548	13548.0	-37.0539
2139.49	13.554	13554.0	-37.0267
2139.989	13.56	13560.0	-37.3699
2140.491	13.565	13565.0	-36.3721
2140.9895	13.57	13570.0	-37.8944
2141.491	13.576	13576.0	-37.3898
2141.989	13.582	13582.0	-37.4477
2142.49	13.588	13588.0	-36.5068
2142.988	13.593	13593.0	-37.5114
2143.539	13.6	13600.0	-37.1014
2143.9875	13.605	13605.0	-36.5012
2144.489	13.61	13610.0	-36.9243
2144.9865	13.615	13615.0	-37.5938
2145.487	13.621	13621.0	-37.4232
2145.986	13.626	13626.0	-37.1211
2146.488	13.632	13632.0	-36.8784
2146.9865	13.638	13638.0	-37.2117
2147.488	13.644	13644.0	-37.022
2147.986	13.649	13649.0	-37.4046
2148.487	13.655	13655.0	-37.7493
2149.022	13.661	13661.0	-37.4346
2149.557	13.667	13667.0	-37.3052
2150.0215	13.672	13672.0	-36.0665
2150.489	13.677	13677.0	-37.7135
2150.987	13.682	13682.0	-37.2845
2151.488	13.688	13688.0	-37.3197
2151.987	13.693	13693.0	-37.5392
2152.489	13.699	13699.0	-36.6631
2152.9865	13.705	13705.0	-37.0478
2153.487	13.711	13711.0	-37.6462
2153.986	13.716	13716.0	-37.8606
2154.488	13.721	13721.0	-37.0374
2154.9865	13.727	13727.0	-37.0253
2155.488	13.732	13732.0	-36.7766
2155.9855	13.738	13738.0	-37.0293
2156.486	13.743	13743.0	-37.5151
2156.9845	13.749	13749.0	-36.266
2157.486	13.754	13754.0	-37.4094
2157.984	13.759	13759.0	-37.8169
2158.485	13.764	13764.0	-36.9132
2158.983	13.77	13770.0	-36.7041
2159.484	13.776	13776.0	-36.7452
2159.9825	13.781	13781.0	-36.5606
2160.484	13.787	13787.0	-37.6593
2160.9825	13.792	13792.0	-37.5545
2161.484	13.798	13798.0	-37.9231
2161.982	13.802	13802.0	-36.7267
2162.483	13.808	13808.0	-37.4672
2162.982	13.815	13815.0	-36.7592
2163.534	13.82	13820.0	-37.0584
2163.984	13.825	13825.0	-36.3439
2164.487	13.83	13830.0	-36.5202
2164.985	13.836	13836.0	-36.0608
2165.486	13.841	13841.0	-36.7028
2165.99	13.847	13847.0	-36.3728
2166.494	13.852	13852.0	-36.3379
2166.9885	13.858	13858.0	-37.3027
2167.486	13.863	13863.0	-37.5805
2167.985	13.869	13869.0	-37.2366
2168.487	13.875	13875.0	-37.0144
2168.9855	13.88	13880.0	-37.1541
2169.487	13.886	13886.0	-36.7966
2169.986	13.89	13890.0	-37.7475
2170.488	13.896	13896.0	-36.8656
2170.986	13.901	13901.0	-37.1136
2171.487	13.908	13908.0	-37.6931
2171.9855	13.913	13913.0	-35.8685
2172.4855	13.918	13918.0	-36.029
2172.984	13.923	13923.0	-36.1207
2173.487	13.929	13929.0	-36.6036
2173.9845	13.934	13934.0	-36.0239
2174.485	13.94	13940.0	-36.5189
2174.9825	13.945	13945.0	-36.25
2175.483	13.952	13952.0	-36.7677
2175.9815	13.958	13958.0	-38.0148
2176.48	13.964	13964.0	-36.216
2176.9815	13.969	13969.0	-36.9849
2177.486	13.975	13975.0	-37.1962
2177.984	13.981	13981.0	-36.9734
2178.485	13.987	13987.0	-36.9655
2178.9835	13.993	13993.0	-37.5398
2179.485	13.998	13998.0	-37.1055
2179.9835	14.003	14003.0	-37.1823
2180.485	14.009	14009.0	-36.1769
2180.9835	14.014	14014.0	-36.7167
2181.485	14.021	14021.0	-36.3283
2181.982	14.026	14026.0	-37.1939
2182.482	14.032	14032.0	-36.5324
2182.9805	14.038	14038.0	-36.8836
2183.532	14.045	14045.0	-36.5882
2183.981	14.05	14050.0	-36.8276
2184.483	14.057	14057.0	-36.8978
2184.9815	14.063	14063.0	-36.0963
2185.483	14.069	14069.0	-36.4262
2185.9805	14.075	14075.0	-35.8009
2186.481	14.082	14082.0	-36.5154
2186.979	14.088	14088.0	-37.4305
2187.53	14.094	14094.0	-36.7707
2188.029	14.1	14100.0	-38.2655
2188.531	14.106	14106.0	-35.6786
2189.03	14.111	14111.0	-35.0069
2189.532	14.117	14117.0	-37.1871
2190.03	14.124	14124.0	-36.8622
2190.531	14.131	14131.0	-36.4359
2191.0295	14.137	14137.0	-35.9682
2191.531	14.142	14142.0	-36.514
2192.029	14.148	14148.0	-36.2778
2192.53	14.154	14154.0	-36.4045
2193.0295	14.159	14159.0	-36.8338
2193.532	14.165	14165.0	-37.272
2194.031	14.171	14171.0	-36.041
2194.533	14.177	14177.0	-36.6282
2195.0315	14.183	14183.0	-35.8852
2195.533	14.189	14189.0	-36.4315
2196.0315	14.195	14195.0	-36.1866
2196.533	14.201	14201.0	-37.6343
2197.031	14.207	14207.0	-35.606
2197.532	14.213	14213.0	-38.1327
2198.0295	14.22	14220.0	-37.486
2198.53	14.226	14226.0	-35.7905
2199.029	14.232	14232.0	-35.8187
2199.531	14.237	14237.0	-35.4606
2200.0295	14.243	14243.0	-36.8599
2200.534	14.249	14249.0	-36.2711
2201.032	14.255	14255.0	-36.1693
2201.53	14.26	14260.0	-35.89
2202.029	14.265	14265.0	-36.6706
2202.531	14.271	14271.0	-35.6512
2203.0295	14.277	14277.0	-35.0927
2203.531	14.282	14282.0	-35.231
2203.98	14.287	14287.0	-37.3273
2204.482	14.292	14292.0	-36.654
2204.9795	14.298	14298.0	-36.9729
2205.48	14.304	14304.0	-37.0526
2205.979	14.31	14310.0	-36.0728
2206.481	14.316	14316.0	-35.305
2206.979	14.321	14321.0	-36.9242
2207.48	14.327	14327.0	-35.8599
2207.9775	14.333	14333.0	-35.1688
2208.478	14.34	14340.0	-35.9797
2208.978	14.346	14346.0	-36.2729
2209.481	14.352	14352.0	-34.687
2209.979	14.358	14358.0	-35.882
2210.48	14.364	14364.0	-36.4404
2210.979	14.37	14370.0	-36.3479
2211.481	14.376	14376.0	-37.2342
2211.979	14.381	14381.0	-36.486
2212.48	14.387	14387.0	-35.6145
2212.979	14.392	14392.0	-36.5863
2213.481	14.399	14399.0	-35.7438
2213.979	14.404	14404.0	-36.4466
2214.48	14.41	14410.0	-36.2929
2215.0085	14.417	14417.0	-36.0097
2215.537	14.423	14423.0	-35.6621
2216.008	14.429	14429.0	-35.0995
2216.482	14.434	14434.0	-36.5932
2216.9795	14.44	14440.0	-35.8109
2217.48	14.445	14445.0	-35.0838
2217.9775	14.45	14450.0	-34.4335
2218.478	14.455	14455.0	-36.1065
2218.977	14.461	14461.0	-35.8706
2219.479	14.467	14467.0	-35.2468
2219.9775	14.472	14472.0	-35.4562
2220.479	14.478	14478.0	-36.0885
2220.9775	14.483	14483.0	-35.6764
2221.479	14.489	14489.0	-35.7091
2221.977	14.494	14494.0	-35.7051
2222.478	14.5	14500.0	-34.9657
2222.978	14.506	14506.0	-36.2381
2223.531	14.513	14513.0	-36.2466
2223.9795	14.518	14518.0	-36.8247
2224.481	14.524	14524.0	-35.5305
2224.943	14.529	14529.0	-36.7215
2225.405	14.534	14534.0	-36.3901
2225.942	14.54	14540.0	-36.3905
2226.482	14.547	14547.0	-36.0243
2226.98	14.554	14554.0	-35.9702
2227.481	14.559	14559.0	-34.6705
2227.9795	14.564	14564.0	-35.7298
2228.481	14.57	14570.0	-36.2383
2228.98	14.575	14575.0	-35.8447
2229.482	14.58	14580.0	-36.3206
2229.9805	14.585	14585.0	-37.0614
2230.482	14.591	14591.0	-36.1915
2230.98	14.597	14597.0	-35.894
2231.481	14.602	14602.0	-36.2757
2231.9795	14.608	14608.0	-36.9429
2232.481	14.613	14613.0	-36.9142
2232.9785	14.619	14619.0	-36.4654
2233.479	14.625	14625.0	-37.0927
2233.977	14.632	14632.0	-36.6425
2234.478	14.638	14638.0	-37.1879
2234.977	14.644	14644.0	-35.7446
2235.479	14.649	14649.0	-36.1482
2235.977	14.655	14655.0	-36.9117
2236.478	14.66	14660.0	-35.9902
2236.977	14.666	14666.0	-36.1122
2237.479	14.671	14671.0	-35.0405
2237.968	14.676	14676.0	-35.8597
2238.457	14.682	14682.0	-36.639
2238.967	14.688	14688.0	-36.4492
2239.48	14.693	14693.0	-36.6833
2239.9785	14.699	14699.0	-36.0751
2240.48	14.705	14705.0	-37.2485
2240.9785	14.71	14710.0	-36.4753
2241.48	14.715	14715.0	-36.4514
2241.979	14.721	14721.0	-36.4436
2242.481	14.727	14727.0	-37.1851
2242.9785	14.733	14733.0	-37.4722
2243.579	14.74	14740.0	-36.8468
2244.0285	14.745	14745.0	-35.7227
2244.481	14.75	14750.0	-36.5673
2244.9785	14.756	14756.0	-35.4887
2245.479	14.761	14761.0	-36.6604
2245.9785	14.767	14767.0	-37.6321
2246.481	14.773	14773.0	-36.3143
2246.9795	14.779	14779.0	-36.9647
2247.481	14.785	14785.0	-36.0917
2248.0075	14.791	14791.0	-37.5119
2248.534	14.798	14798.0	-36.9343
2249.0065	14.803	14803.0	-36.871
2249.482	14.808	14808.0	-34.9473
2249.981	14.813	14813.0	-36.0123
2250.483	14.819	14819.0	-36.7143
2250.9815	14.824	14824.0	-37.2563
2251.483	14.83	14830.0	-37.9878
2251.9815	14.836	14836.0	-37.3854
2252.483	14.842	14842.0	-36.7808
2252.9815	14.848	14848.0	-37.6852
2253.483	14.853	14853.0	-36.7958
2253.981	14.858	14858.0	-37.9667
2254.482	14.864	14864.0	-36.8519
2254.9815	14.87	14870.0	-37.3484
2255.484	14.877	14877.0	-37.4911
2255.982	14.882	14882.0	-37.165
2256.483	14.888	14888.0	-37.3667
2256.9565	14.895	14895.0	-36.642
2257.433	14.901	14901.0	-37.3504
2257.9235	14.908	14908.0	-35.9715
2258.414	14.913	14913.0	-37.681
2258.9455	14.919	14919.0	-37.103
2259.48	14.925	14925.0	-36.7755
2259.9785	14.93	14930.0	-37.0541
2260.48	14.936	14936.0	-36.1204
2260.978	14.942	14942.0	-36.9448
2261.479	14.948	14948.0	-36.7712
2261.9785	14.954	14954.0	-36.8811
2262.481	14.96	14960.0	-36.0919
2262.979	14.966	14966.0	-35.6619
2263.58	14.974	14974.0	-37.0164
2264.029	14.978	14978.0	-37.0756
2264.481	14.984	14984.0	-36.4795
2264.9805	14.989	14989.0	-36.6517
2265.483	14.995	14995.0	-38.3281
2265.9815	15.002	15002.0	-37.4458
2266.483	15.008	15008.0	-37.8336
2266.9815	15.014	15014.0	-37.7651
2267.483	15.02	15020.0	-36.3559
2267.9815	15.026	15026.0	-35.7662
2268.483	15.031	15031.0	-37.5931
2268.981	15.037	15037.0	-36.0233
2269.482	15.043	15043.0	-36.145
2269.9805	15.05	15050.0	-37.4247
2270.482	15.057	15057.0	-36.6597
2270.98	15.063	15063.0	-37.3831
2271.481	15.068	15068.0	-36.8989
2271.979	15.074	15074.0	-36.1323
2272.48	15.08	15080.0	-36.7758
2272.978	15.086	15086.0	-36.6791
2273.479	15.093	15093.0	-36.719
2273.9775	15.099	15099.0	-36.9858
2274.479	15.105	15105.0	-37.471
2274.9775	15.11	15110.0	-37.7771
2275.479	15.116	15116.0	-36.7159
2275.9775	15.123	15123.0	-35.8988
2276.476	15.129	15129.0	-36.7068
2276.9735	15.135	15135.0	-35.9426
2277.474	15.141	15141.0	-37.0745
2277.973	15.147	15147.0	-37.3879
2278.475	15.153	15153.0	-37.8954
2278.974	15.159	15159.0	-36.2967
2279.476	15.165	15165.0	-36.6369
2279.9745	15.172	15172.0	-36.6504
2280.476	15.178	15178.0	-37.2809
2280.9485	15.184	15184.0	-37.4795
2281.424	15.19	15190.0	-36.3738
2281.947	15.196	15196.0	-37.6852
2282.473	15.203	15203.0	-37.2132
2282.9715	15.209	15209.0	-37.5842
2283.573	15.216	15216.0	-36.1073
2284.021	15.221	15221.0	-36.9915
2284.472	15.226	15226.0	-37.4554
2284.971	15.232	15232.0	-36.227
2285.473	15.238	15238.0	-37.5951
2285.971	15.245	15245.0	-36.5503
2286.472	15.251	15251.0	-36.7917
2286.97	15.257	15257.0	-37.2428
2287.471	15.263	15263.0	-36.5709
2287.9695	15.269	15269.0	-36.7677
2288.471	15.275	15275.0	-36.8452
2288.97	15.283	15283.0	-37.5022
2289.472	15.29	15290.0	-37.2219
2289.9695	15.297	15297.0	-36.6578
2290.47	15.303	15303.0	-38.1222
2290.9685	15.309	15309.0	-37.0743
2291.47	15.315	15315.0	-37.397
2291.9685	15.321	15321.0	-37.3678
2292.47	15.327	15327.0	-37.0412
2292.9675	15.334	15334.0	-38.3352
2293.468	15.339	15339.0	-37.5133
2293.9915	15.346	15346.0	-36.4806
2294.518	15.352	15352.0	-36.8637
2294.9915	15.358	15358.0	-36.6966
2295.468	15.364	15364.0	-37.3899
2295.9665	15.371	15371.0	-37.4692
2296.468	15.378	15378.0	-37.5222
2296.966	15.383	15383.0	-37.1986
2297.467	15.389	15389.0	-37.5763
2297.967	15.396	15396.0	-36.7194
2298.47	15.402	15402.0	-37.2015
2298.9675	15.408	15408.0	-39.0423
2299.468	15.415	15415.0	-37.6475
2299.966	15.421	15421.0	-37.0974
2300.467	15.427	15427.0	-37.0528
2300.9965	15.434	15434.0	-37.0756
2301.527	15.441	15441.0	-36.041
2301.9965	15.447	15447.0	-37.0276
2302.468	15.452	15452.0	-36.2115
2302.966	15.458	15458.0	-36.5951
2303.567	15.467	15467.0	-37.649
2304.0165	15.473	15473.0	-36.3657
2304.469	15.478	15478.0	-37.9445
2304.967	15.485	15485.0	-36.8058
2305.468	15.492	15492.0	-36.6583
2305.967	15.499	15499.0	-37.3003
2306.469	15.506	15506.0	-38.0882
2306.966	15.512	15512.0	-36.7016
2307.466	15.518	15518.0	-38.6618
2307.9645	15.524	15524.0	-36.7296
2308.466	15.531	15531.0	-36.8518
2308.9645	15.538	15538.0	-37.5965
2309.466	15.545	15545.0	-36.9619
2309.964	15.552	15552.0	-36.9379
2310.465	15.56	15560.0	-37.9621
2310.9725	15.567	15567.0	-37.9742
2311.48	15.575	15575.0	-37.3263
2311.972	15.582	15582.0	-37.6312
2312.467	15.588	15588.0	-39.5939
2312.965	15.595	15595.0	-37.7802
2313.466	15.603	15603.0	-37.9735
2313.964	15.61	15610.0	-38.1813
2314.465	15.617	15617.0	-36.2829
2314.964	15.624	15624.0	-37.649
2315.466	15.631	15631.0	-37.0976
2315.9645	15.638	15638.0	-37.2678
2316.466	15.645	15645.0	-36.7808
2316.965	15.652	15652.0	-37.5718
2317.467	15.659	15659.0	-37.7779
2317.965	15.666	15666.0	-36.8656
2318.466	15.673	15673.0	-37.1493
2318.9655	15.68	15680.0	-36.7986
2319.468	15.687	15687.0	-38.0076
2319.966	15.694	15694.0	-36.9928
2320.467	15.7	15700.0	-37.403
2320.966	15.706	15706.0	-37.2651
2321.468	15.713	15713.0	-37.4981
2321.9665	15.72	15720.0	-37.5857
2322.468	15.727	15727.0	-37.8998
2322.9665	15.736	15736.0	-38.23
2323.568	15.745	15745.0	-37.5086
2324.0175	15.751	15751.0	-37.6076
2324.47	15.758	15758.0	-36.805
2324.9685	15.765	15765.0	-37.2162
2325.47	15.773	15773.0	-38.0019
2325.968	15.782	15782.0	-37.8437
2326.469	15.79	15790.0	-38.424
2326.9685	15.797	15797.0	-37.0274
2327.471	15.805	15805.0	-36.9219
2327.9695	15.813	15813.0	-37.0617
2328.471	15.82	15820.0	-37.0941
2328.9695	15.828	15828.0	-37.3573
2329.471	15.835	15835.0	-37.98
2329.969	15.841	15841.0	-38.0687
2330.47	15.849	15849.0	-37.4976
2330.9695	15.857	15857.0	-37.7349
2331.472	15.863	15863.0	-37.735
2331.971	15.871	15871.0	-38.1039
2332.473	15.879	15879.0	-36.579
2332.97	15.887	15887.0	-38.1253
2333.47	15.894	15894.0	-37.094
2333.9685	15.903	15903.0	-37.7347
2334.47	15.912	15912.0	-38.1459
2334.969	15.92	15920.0	-37.4775
2335.471	15.929	15929.0	-37.3325
2335.97	15.938	15938.0	-37.5504
2336.472	15.945	15945.0	-37.1647
2336.9705	15.953	15953.0	-37.5875
2337.472	15.959	15959.0	-36.4503
2337.9715	15.966	15966.0	-37.22
2338.474	15.974	15974.0	-37.4867
2338.9725	15.98	15980.0	-37.8856
2339.474	15.987	15987.0	-37.1393
2339.973	15.994	15994.0	-36.411
2340.475	16.001	16001.0	-37.6074
2340.9745	16.008	16008.0	-37.1361
2341.477	16.015	16015.0	-39.3628
2341.9745	16.022	16022.0	-37.7808
2342.475	16.029	16029.0	-36.9788
2342.973	16.037	16037.0	-36.7393
2343.574	16.046	16046.0	-37.3125
2344.021	16.053	16053.0	-37.5825
2344.471	16.059	16059.0	-36.755
2344.9705	16.066	16066.0	-36.8729
2345.473	16.075	16075.0	-36.6427
2345.9705	16.084	16084.0	-37.3568
2346.471	16.093	16093.0	-37.9636
2346.969	16.102	16102.0	-36.1234
2347.47	16.11	16110.0	-37.6766
2347.968	16.119	16119.0	-37.2604
2348.469	16.127	16127.0	-37.1129
2348.968	16.136	16136.0	-37.7088
2349.47	16.144	16144.0	-37.446
2349.9675	16.153	16153.0	-37.5812
2350.468	16.161	16161.0	-37.1007
2350.9675	16.17	16170.0	-36.414
2351.47	16.178	16178.0	-37.9401
2351.968	16.186	16186.0	-37.8261
2352.469	16.195	16195.0	-36.5939
2352.9665	16.203	16203.0	-37.6041
2353.467	16.211	16211.0	-37.8744
2353.9645	16.219	16219.0	-37.2994
2354.465	16.229	16229.0	-37.2907
2354.965	16.238	16238.0	-37.8123
2355.468	16.247	16247.0	-38.4741
2355.966	16.255	16255.0	-37.8889
2356.467	16.264	16264.0	-37.916
2356.9965	16.273	16273.0	-36.8269
2357.4965	16.283	16283.0	-37.17
2357.967	16.29	16290.0	-38.074
2358.47	16.299	16299.0	-38.5899
2358.9685	16.307	16307.0	-38.317
2359.47	16.317	16317.0	-38.421
2359.969	16.329	16329.0	-36.6659
2360.471	16.339	16339.0	-36.3853
2360.97	16.349	16349.0	-37.3187
2361.472	16.36	16360.0	-37.181
2361.9705	16.37	16370.0	-36.9299
2362.472	16.379	16379.0	-37.241
2362.97	16.389	16389.0	-38.099
2363.571	16.4	16400.0	-37.8963
2364.0195	16.408	16408.0	-37.645
2364.471	16.417	16417.0	-37.689
2364.9695	16.425	16425.0	-38.1269
2365.471	16.435	16435.0	-37.8563
2365.969	16.444	16444.0	-38.2406
2366.47	16.454	16454.0	-37.7927
2366.97	16.463	16463.0	-36.8567
2367.473	16.474	16474.0	-37.6683
2367.9715	16.482	16482.0	-37.1601
2368.473	16.492	16492.0	-37.4804
2368.971	16.502	16502.0	-38.0359
2369.472	16.512	16512.0	-38.0017
2369.971	16.523	16523.0	-37.7946
2370.473	16.532	16532.0	-38.3901
2370.972	16.543	16543.0	-38.8708
2371.474	16.553	16553.0	-36.9975
2371.973	16.563	16563.0	-37.1976
2372.475	16.574	16574.0	-37.0466
2372.974	16.584	16584.0	-37.6237
2373.476	16.594	16594.0	-38.8283
2373.9755	16.604	16604.0	-36.9775
2374.478	16.615	16615.0	-37.6925
2374.977	16.625	16625.0	-36.7544
2375.479	16.635	16635.0	-38.2423
2375.978	16.646	16646.0	-37.7285
2376.48	16.656	16656.0	-37.463
2376.9785	16.668	16668.0	-37.4619
2377.48	16.679	16679.0	-37.978
2377.979	16.688	16688.0	-38.6157
2378.481	16.698	16698.0	-39.1386
2378.9795	16.708	16708.0	-38.5192
2379.481	16.719	16719.0	-37.0457
2379.9765	16.728	16728.0	-37.3803
2380.472	16.736	16736.0	-37.0312
2380.9755	16.745	16745.0	-37.6506
2381.482	16.755	16755.0	-38.797
2381.981	16.764	16764.0	-37.9878
2382.483	16.774	16774.0	-37.6847
2382.982	16.784	16784.0	-37.5348
2383.584	16.796	16796.0	-37.4991
2384.033	16.805	16805.0	-38.391
2384.485	16.815	16815.0	-38.3225
2384.984	16.828	16828.0	-38.6137
2385.486	16.837	16837.0	-37.7162
2385.984	16.847	16847.0	-38.8235
2386.485	16.858	16858.0	-38.5249
2386.983	16.869	16869.0	-38.9604
2387.484	16.879	16879.0	-37.79
2387.983	16.892	16892.0	-37.918
2388.485	16.905	16905.0	-37.6991
2388.9835	16.916	16916.0	-38.3375
2389.485	16.927	16927.0	-38.8621
2389.9635	16.937	16937.0	-38.032
2390.442	16.948	16948.0	-38.0046
2390.962	16.96	16960.0	-37.9076
2391.485	16.971	16971.0	-37.0307
2391.985	16.982	16982.0	-39.6998
2392.488	16.992	16992.0	-36.6421
2392.9865	17.002	17002.0	-38.6407
2393.488	17.013	17013.0	-38.8019
2393.987	17.024	17024.0	-38.8169
2394.489	17.033	17033.0	-37.2376
2394.987	17.043	17043.0	-38.201
2395.4865	17.054	17054.0	-37.2346
2395.986	17.066	17066.0	-38.0106
2396.49	17.077	17077.0	-38.3578
2396.9885	17.089	17089.0	-37.7566
2397.49	17.1	17100.0	-38.1951
2397.989	17.111	17111.0	-37.4863
2398.491	17.121	17121.0	-38.023
2398.9895	17.132	17132.0	-38.3282
2399.491	17.146	17146.0	-38.0971
2399.966	17.158	17158.0	-38.9988
2400.441	17.17	17170.0	-38.03
2400.9655	17.184	17184.0	-37.9374
2401.493	17.198	17198.0	-37.4457
2401.991	17.209	17209.0	-37.6676
2402.492	17.22	17220.0	-38.4822
2402.9915	17.232	17232.0	-37.7206
2403.594	17.247	17247.0	-37.9897
2403.9915	17.258	17258.0	-38.1918
2404.392	17.268	17268.0	-38.2465
2404.916	17.283	17283.0	-38.709
2405.443	17.295	17295.0	-38.216
2405.9655	17.307	17307.0	-38.3971
2406.491	17.321	17321.0	-38.8147
2406.9895	17.333	17333.0	-37.3358
2407.491	17.347	17347.0	-37.4555
2407.99	17.359	17359.0	-38.0577
2408.492	17.372	17372.0	-38.3274
2408.941	17.383	17383.0	-38.9156
2409.393	17.394	17394.0	-38.1182
2409.9175	17.408	17408.0	-38.3716
2410.445	17.423	17423.0	-37.7264
2410.9685	17.437	17437.0	-37.941
2411.495	17.451	17451.0	-38.0628
2411.9935	17.464	17464.0	-38.2106
2412.495	17.478	17478.0	-38.5186
2413.0045	17.492	17492.0	-37.9991
2413.514	17.505	17505.0	-38.8481
2414.0045	17.517	17517.0	-38.6724
2414.498	17.529	17529.0	-39.6334
2414.9955	17.541	17541.0	-38.2289
2415.496	17.555	17555.0	-38.3728
2415.995	17.568	17568.0	-39.3031
2416.497	17.581	17581.0	-39.2519
2416.995	17.595	17595.0	-38.7176
2417.496	17.609	17609.0	-37.7358
2417.995	17.622	17622.0	-38.4112
2418.497	17.635	17635.0	-38.8967
2418.9955	17.647	17647.0	-39.7983
2419.497	17.66	17660.0	-38.5703
2419.996	17.673	17673.0	-40.0964
2420.498	17.686	17686.0	-38.6733
2420.997	17.701	17701.0	-39.5919
2421.499	17.714	17714.0	-40.0232
2421.997	17.727	17727.0	-38.8681
2422.498	17.741	17741.0	-39.0394
2422.996	17.754	17754.0	-38.6308
2423.597	17.77	17770.0	-39.0522
2424.045	17.782	17782.0	-40.1831
2424.496	17.795	17795.0	-39.8723
2424.9945	17.808	17808.0	-39.487
2425.496	17.821	17821.0	-39.4497
2425.9945	17.835	17835.0	-39.897
2426.496	17.848	17848.0	-38.9651
2426.995	17.862	17862.0	-40.0231
2427.497	17.876	17876.0	-39.2043
2427.995	17.89	17890.0	-40.0592
2428.496	17.905	17905.0	-39.3243
2428.9945	17.917	17917.0	-40.2303
2429.496	17.932	17932.0	-39.8636
2429.995	17.946	17946.0	-38.908
2430.497	17.961	17961.0	-39.7704
2430.9955	17.974	17974.0	-39.38
2431.497	17.988	17988.0	-39.8986
2431.9955	18.002	18002.0	-39.3701
2432.497	18.016	18016.0	-40.2242
2432.996	18.029	18029.0	-40.0801
2433.498	18.043	18043.0	-39.9913
2433.9965	18.056	18056.0	-39.2644
2434.498	18.07	18070.0	-39.1084
2434.9965	18.085	18085.0	-40.1325
2435.498	18.099	18099.0	-40.0535
2436.039	18.113	18113.0	-39.6894
2436.58	18.128	18128.0	-40.9862
2437.0385	18.141	18141.0	-39.3581
2437.515	18.156	18156.0	-41.4507
2438.013	18.171	18171.0	-39.5709
2438.499	18.186	18186.0	-39.7938
2439.0225	18.201	18201.0	-39.8338
2439.549	18.215	18215.0	-39.8418
2440.0235	18.228	18228.0	-39.6196
2440.501	18.24	18240.0	-39.5805
2440.999	18.256	18256.0	-39.8836
2441.5	18.272	18272.0	-39.9906
2441.999	18.288	18288.0	-40.2902
2442.501	18.303	18303.0	-39.4657
2443	18.318	18318.0	-40.1077
2443.602	18.337	18337.0	-39.0462
2444.0515	18.352	18352.0	-39.4502
2444.504	18.367	18367.0	-39.9498
2445.001	18.383	18383.0	-40.1175
2445.501	18.397	18397.0	-39.9446
2446.001	18.411	18411.0	-38.3401
2446.504	18.429	18429.0	-39.7625
2447.002	18.447	18447.0	-40.0314
2447.503	18.464	18464.0	-40.1632
2448.002	18.478	18478.0	-38.8284
2448.504	18.495	18495.0	-39.9027
2449.0025	18.509	18509.0	-39.8615
2449.504	18.527	18527.0	-39.4472
2450.003	18.542	18542.0	-40.3082
2450.505	18.558	18558.0	-40.3981
2451.002	18.573	18573.0	-40.4542
2451.502	18.589	18589.0	-39.4988
2452.0005	18.606	18606.0	-40.0576
2452.502	18.62	18620.0	-39.631
2453.0025	18.636	18636.0	-40.7711
2453.506	18.653	18653.0	-39.9457
2454.005	18.67	18670.0	-40.3592
2454.502	18.686	18686.0	-40.1892
2455.0005	18.702	18702.0	-39.456
2455.507	18.717	18717.0	-39.8087
2456.0055	18.731	18731.0	-39.5585
2456.507	18.747	18747.0	-40.0673
2457.006	18.764	18764.0	-39.1877
2457.508	18.78	18780.0	-39.169
2458.006	18.797	18797.0	-39.7649
2458.507	18.813	18813.0	-39.4457
2458.974	18.827	18827.0	-38.6306
2459.441	18.842	18842.0	-39.5265
2459.974	18.86	18860.0	-40.2375
2460.51	18.878	18878.0	-39.7228
2461.008	18.895	18895.0	-39.8234
2461.509	18.909	18909.0	-39.9145
2462.0065	18.925	18925.0	-39.9565
2462.507	18.94	18940.0	-39.3577
2463.0055	18.956	18956.0	-40.0807
2463.607	18.976	18976.0	-39.8096
2464.055	18.99	18990.0	-39.4499
2464.506	19.004	19004.0	-40.981
2465.0035	19.02	19020.0	-40.6856
2465.504	19.038	19038.0	-40.2147
2466.0045	19.053	19053.0	-39.0346
2466.508	19.069	19069.0	-40.2889
2467.0065	19.086	19086.0	-40.4535
2467.508	19.102	19102.0	-40.4532
2467.956	19.116	19116.0	-39.3863
2468.407	19.131	19131.0	-40.1065
2468.9215	19.149	19149.0	-40.0639
2469.436	19.166	19166.0	-41.1322
2469.9715	19.184	19184.0	-40.4497
2470.51	19.2	19200.0	-40.4749
2471.033	19.217	19217.0	-39.6717
2471.559	19.233	19233.0	-39.7561
2472.0325	19.249	19249.0	-39.9252
2472.509	19.265	19265.0	-41.2946
2473.0085	19.281	19281.0	-40.5998
2473.511	19.298	19298.0	-40.8567
2474.0095	19.314	19314.0	-39.9419
2474.511	19.332	19332.0	-40.8192
2475.0095	19.348	19348.0	-40.0737
2475.511	19.365	19365.0	-40.8149
2476.01	19.382	19382.0	-39.7959
2476.512	19.399	19399.0	-40.6172
2477.01	19.416	19416.0	-41.1086
2477.511	19.432	19432.0	-40.3046
2478.01	19.449	19449.0	-40.6677
2478.512	19.464	19464.0	-41.4311
2478.985	19.479	19479.0	-40.7909
2479.461	19.495	19495.0	-41.2557
2479.985	19.513	19513.0	-40.0471
2480.512	19.53	19530.0	-41.3771
2481.009	19.546	19546.0	-40.2147
2481.509	19.561	19561.0	-40.6063
2482.006	19.575	19575.0	-40.8129
2482.503	19.59	19590.0	-40.9267
2482.981	19.605	19605.0	-40.5323
2483.462	19.62	19620.0	-40.6797
2483.985	19.638	19638.0	-41.6057
2484.511	19.654	19654.0	-40.0136
2485.009	19.669	19669.0	-40.9544
2485.51	19.685	19685.0	-40.3793
2486.0075	19.702	19702.0	-41.1562
2486.508	19.72	19720.0	-40.5649
2486.9825	19.735	19735.0	-40.8374
2487.46	19.749	19749.0	-40.436
2487.984	19.765	19765.0	-40.8402
2488.511	19.782	19782.0	-40.51
2489.0085	19.798	19798.0	-41.3702
2489.509	19.814	19814.0	-40.4743
2490.008	19.829	19829.0	-40.2615
2490.51	19.843	19843.0	-40.9817
2490.983	19.858	19858.0	-41.2758
2491.459	19.872	19872.0	-41.1944
2491.9825	19.89	19890.0	-40.277
2492.509	19.907	19907.0	-40.8199
2493.007	19.923	19923.0	-42.2388
2493.508	19.94	19940.0	-41.5196
2494.007	19.957	19957.0	-41.0648
2494.509	19.973	19973.0	-41.8142
2495.0075	19.989	19989.0	-40.8283
2495.509	20.006	20006.0	-41.564
2496.007	20.023	20023.0	-40.87
2496.508	20.039	20039.0	-41.0639
2497.007	20.056	20056.0	-40.7652
2497.509	20.073	20073.0	-40.8207
2498.0075	20.089	20089.0	-40.9272
2498.509	20.105	20105.0	-41.0768
2499.0075	20.119	20119.0	-40.9618
2499.509	20.133	20133.0	-40.9214
2500.0085	20.147	20147.0	-40.6086
2500.511	20.162	20162.0	-41.3116
2500.984	20.177	20177.0	-40.5918
2501.46	20.194	20194.0	-40.5768
2501.984	20.211	20211.0	-40.9258
2502.511	20.229	20229.0	-40.8299
2502.9845	20.244	20244.0	-41.9085
2503.461	20.26	20260.0	-41.075
2503.9845	20.277	20277.0	-41.6448
2504.511	20.294	20294.0	-40.3762
2505.0095	20.31	20310.0	-41.7892
2505.511	20.326	20326.0	-40.9212
2506.01	20.343	20343.0	-41.3097
2506.512	20.357	20357.0	-41.365
2507.011	20.372	20372.0	-40.8741
2507.513	20.388	20388.0	-41.4785
2507.961	20.402	20402.0	-40.3977
2508.412	20.415	20415.0	-40.6743
2508.9365	20.434	20434.0	-40.8695
2509.414	20.448	20448.0	-40.8496
2509.938	20.466	20466.0	-40.5948
2510.515	20.485	20485.0	-40.5453
2511.0135	20.502	20502.0	-41.0458
2511.515	20.518	20518.0	-40.2998
2512.0135	20.534	20534.0	-40.3323
2512.515	20.548	20548.0	-41.3319
2513.014	20.563	20563.0	-40.9831
2513.516	20.579	20579.0	-40.503
2514.015	20.596	20596.0	-41.5742
2514.517	20.611	20611.0	-40.9338
2515.016	20.628	20628.0	-40.5964
2515.518	20.644	20644.0	-40.1591
2516.0165	20.661	20661.0	-41.018
2516.518	20.677	20677.0	-41.2476
2517.0165	20.692	20692.0	-40.2595
2517.518	20.706	20706.0	-41.3001
2518.0165	20.721	20721.0	-40.0253
2518.5175	20.736	20736.0	-42.1376
2519.017	20.752	20752.0	-41.0606
2519.52	20.768	20768.0	-41.4693
2520.018	20.782	20782.0	-41.576
2520.519	20.798	20798.0	-41.3904
2521.0185	20.813	20813.0	-40.693
2521.496	20.828	20828.0	-40.2095
2521.9955	20.844	20844.0	-41.0658
2522.523	20.859	20859.0	-41.217
2523.021	20.873	20873.0	-41.5286
2523.622	20.891	20891.0	-40.9646
2524.071	20.906	20906.0	-41.1538
2524.523	20.92	20920.0	-41.0797
2525.0505	20.937	20937.0	-42.0215
2525.578	20.954	20954.0	-41.0732
2526.05	20.969	20969.0	-41.1496
2526.525	20.985	20985.0	-40.9051
2527.0245	21	21000.0	-41.6762
2527.527	21.017	21017.0	-41.4078
2528.0495	21.034	21034.0	-41.2495
2528.575	21.052	21052.0	-40.9784
2529.0495	21.067	21067.0	-42.0431
2529.527	21.084	21084.0	-42.1941
2530.026	21.101	21101.0	-41.5502
2530.528	21.117	21117.0	-40.6599
2531.0265	21.135	21135.0	-41.1914
2531.528	21.152	21152.0	-40.2804
2532.027	21.17	21170.0	-40.659
2532.529	21.188	21188.0	-41.1553
2533.028	21.204	21204.0	-40.6788
2533.53	21.221	21221.0	-41.1838
2534.028	21.238	21238.0	-40.9157
2534.529	21.254	21254.0	-40.6516
2535.0505	21.272	21272.0	-41.464
2535.572	21.289	21289.0	-41.4068
2536.05	21.306	21306.0	-41.5623
2536.531	21.321	21321.0	-41.017
2537.0545	21.337	21337.0	-40.7696
2537.581	21.356	21356.0	-41.0763
2538.0555	21.373	21373.0	-41.0914
2538.533	21.388	21388.0	-41.8077
2539.03	21.404	21404.0	-41.6917
2539.53	21.422	21422.0	-41.9774
2540.03	21.44	21440.0	-40.8918
2540.533	21.459	21459.0	-40.8468
2541.0315	21.478	21478.0	-42.3004
2541.533	21.496	21496.0	-42.3808
2542.0315	21.513	21513.0	-41.128
2542.533	21.53	21530.0	-42.0341
2543.0315	21.549	21549.0	-41.814
2543.583	21.569	21569.0	-41.1359
2544.0325	21.585	21585.0	-41.22
2544.485	21.602	21602.0	-41.8605
2544.9835	21.619	21619.0	-41.6373
2545.485	21.635	21635.0	-40.5956
2545.984	21.653	21653.0	-42.2574
2546.486	21.669	21669.0	-41.8318
2546.9845	21.687	21687.0	-41.8675
2547.486	21.703	21703.0	-42.1681
2547.948	21.719	21719.0	-41.5746
2548.41	21.734	21734.0	-42.2499
2548.947	21.754	21754.0	-41.3015
2549.487	21.773	21773.0	-40.7029
2549.9855	21.79	21790.0	-41.0816
2550.487	21.808	21808.0	-42.4451
2550.9855	21.826	21826.0	-41.964
2551.487	21.842	21842.0	-41.9179
2551.9855	21.86	21860.0	-41.5922
2552.487	21.877	21877.0	-42.6126
2553.01	21.893	21893.0	-42.2886
2553.536	21.913	21913.0	-42.2675
2554.0095	21.93	21930.0	-42.0831
2554.536	21.948	21948.0	-42.0878
2555.035	21.965	21965.0	-42.3616
2555.537	21.982	21982.0	-41.6837
2556.036	21.999	21999.0	-42.114
2556.538	22.014	22014.0	-41.788
2557.036	22.032	22032.0	-41.3249
2557.537	22.049	22049.0	-41.7149
2558.06	22.067	22067.0	-41.3586
2558.583	22.086	22086.0	-41.4993
2559.059	22.105	22105.0	-41.0214
2559.538	22.122	22122.0	-42.1392
2560.036	22.138	22138.0	-41.0202
2560.537	22.154	22154.0	-42.3166
2561.0355	22.173	22173.0	-41.8888
2561.537	22.191	22191.0	-41.4278
2562.0365	22.208	22208.0	-41.8835
2562.539	22.225	22225.0	-42.1269
2563.037	22.242	22242.0	-40.5542
2563.588	22.261	22261.0	-42.6537
2564.037	22.277	22277.0	-41.19
2564.539	22.295	22295.0	-41.6005
2565.039	22.313	22313.0	-41.8065
2565.542	22.332	22332.0	-41.3707
2566.0405	22.348	22348.0	-40.7974
2566.542	22.364	22364.0	-40.8823
2567.038	22.382	22382.0	-42.4812
2567.534	22.4	22400.0	-42.071
2568.0385	22.417	22417.0	-41.9256
2568.546	22.432	22432.0	-42.2552
2569.044	22.448	22448.0	-41.1589
2569.545	22.463	22463.0	-41.6374
2570.0435	22.479	22479.0	-42.0761
2570.545	22.497	22497.0	-41.9857
2571.043	22.514	22514.0	-42.0385
2571.544	22.532	22532.0	-41.2765
2572.0435	22.549	22549.0	-42.2313
2572.546	22.566	22566.0	-41.4878
2573.044	22.582	22582.0	-40.406
2573.542	22.6	22600.0	-41.6888
2574.041	22.616	22616.0	-41.7772
2574.543	22.633	22633.0	-41.2212
2575.0415	22.65	22650.0	-41.1159
2575.543	22.667	22667.0	-41.4537
2576.042	22.683	22683.0	-41.6855
2576.544	22.702	22702.0	-42.1025
2577.0435	22.719	22719.0	-41.9687
2577.546	22.736	22736.0	-40.9896
2578.044	22.753	22753.0	-41.538
2578.545	22.77	22770.0	-41.0587
2579.044	22.785	22785.0	-41.1134
2579.546	22.801	22801.0	-41.1372
2580.0445	22.817	22817.0	-41.1629
2580.546	22.835	22835.0	-41.1797
2581.045	22.852	22852.0	-40.9192
2581.547	22.869	22869.0	-41.6876
2582.0455	22.884	22884.0	-40.9595
2582.547	22.901	22901.0	-41.3171
2583.0455	22.917	22917.0	-41.3504
2583.597	22.936	22936.0	-41.669
2584.0455	22.952	22952.0	-41.3085
2584.547	22.969	22969.0	-41.5403
2585.045	22.987	22987.0	-40.8901
2585.546	23.005	23005.0	-41.3214
2586.046	23.024	23024.0	-41.1896
2586.549	23.041	23041.0	-41.4511
2587.072	23.059	23059.0	-40.9693
2587.5985	23.077	23077.0	-41.0645
2588.0725	23.092	23092.0	-41.4287
2588.549	23.108	23108.0	-40.8779
2589.048	23.123	23123.0	-41.6785
2589.55	23.139	23139.0	-40.7587
2590.049	23.157	23157.0	-40.8364
2590.551	23.173	23173.0	-40.4935
2591.05	23.191	23191.0	-41.0763
2591.552	23.21	23210.0	-41.0315
2592.0505	23.228	23228.0	-40.4828
2592.552	23.245	23245.0	-40.706
2593.0505	23.263	23263.0	-40.7001
2593.552	23.28	23280.0	-40.8765
2594.051	23.297	23297.0	-39.6274
2594.553	23.314	23314.0	-40.8142
2595.0515	23.332	23332.0	-40.443
2595.553	23.35	23350.0	-41.1524
2596.0515	23.368	23368.0	-40.2925
2596.553	23.386	23386.0	-40.3455
2597.052	23.404	23404.0	-40.1881
2597.554	23.42	23420.0	-40.3746
2598.053	23.438	23438.0	-40.4234
2598.555	23.456	23456.0	-40.9108
2599.0535	23.473	23473.0	-40.2913
2599.555	23.491	23491.0	-39.9548
2600.0535	23.508	23508.0	-41.2121
