0.008
0.010
0.011
0.028
0.035
0.035
0.048
0.048
0.048
0.048
0.048
0.058
0.059
0.064
0.064
0.071
0.074
0.087
0.09
0.090
0.098
0.1
0.1
0.112
0.126
0.129
0.13
0.15
0.155
0.157
0.185
0.22
0.23
0.24
0.24
0.263
0.3
0.321
0.337
0.35
0.379
0.385
0.4
0.41
0.53
0.588
0.637
0.690
0.807
1.020
1.035
1.08
1.133
1.141
1.183
1.2
1.25
1.254
1.265
1.31
1.376
1.396
1.415
1.476
1.48
1.482
1.5
1.532
1.562
1.585
1.617
1.62
1.65
1.707
1.735
1.74
1.74
1.74
1.800
1.84
1.89
1.9
1.927
1.955
1.996
2.057
2.065
2.07
2.123
2.234
2.244
2.262
2.269
2.27
2.289
2.5
2.569
2.569
2.594
2.62
2.627
2.691
2.698
2.8
2.898
2.900
3.029
3.03
3.03
3.069
3.51
3.58
3.64
3.65
3.67
3.71
3.74
3.77
3.920
3.95
4
4
4
4
4
4
4.032
4.042
4.06
4.069
4.19
4.24
4.277
4.5
4.5
4.539
4.674
4.786
5.010
5.2
5.231
5.52
5.68
5.813
6.2
6.25
6.4
6.477
6.55
6.710
6.9
6.91
7.141
7.289
7.290
7.363
7.547
7.587
7.630
7.824
7.834
7.898
7.97
8.059
8.202
8.202
8.289
8.301
8.369
8.38
8.550
8.64
8.683
8.706
8.806
8.886
8.971
9.069
9.076
9.362
9.588
9.599
9.61
9.65
9.71
9.765
9.846
9.9
9.9
9.9
9.921
9.958
10
10
10
10
10
10
10
10
10
10
10.04
10.078
10.13
10.18
10.189
10.300
10.425
10.488
10.550
10.651
10.66
10.96
11.119
11.322
11.39
11.495
11.497
11.5
12
12.027
12.3
12.520
12.555
12.603
12.670
12.908
13.069
13.109
13.41
13.55
13.57
13.69
13.75
13.79
13.8
13.83
13.84
13.84
13.845
13.867
13.89
13.92
13.97
14
14.32
14.573
14.602
14.9
14.937
15.2
16.092
16.487
16.5
18
18.7
19.96
23
25
25
26.15
29.42
30
30
30
30
