-0.049
-0.036
-0.025
-0.014
-0.005
0.005
0.019
0.024
0.043
0.096
0.121
0.123
0.2
0.3
0.4
0.52
0.597
0.597
0.92
0.95
0.95
0.98
1
1
1.008
1.008
1.008
1.008
1.009
1.05
1.25
1.3
1.34
1.35
1.37
1.507
1.55
1.7
1.71
1.71
1.71
1.9
2.1
2.1
2.149
2.25
2.4
2.45
2.73
2.88
2.9
2.929
3
3
3.2
3.45
3.542
3.65
3.844
3.95
4.05
4.15
4.2
4.2
4.48
4.57
4.634
4.73
4.73
4.95
5.15
5.15
5.15
5.316
5.45
5.544
5.6
5.74
6.293
6.35
6.4
6.414
6.5
6.85
7.15
7.15
7.35
7.35
7.45
7.649
7.65
7.65
7.927
8.3
8.327
8.327
8.327
8.33
8.35
8.387
8.387
8.387
8.515
8.515
8.55
8.55
8.75
8.821
8.821
9
9.1
9.25
9.35
9.45
9.5
9.55
9.58
9.642
9.65
9.85
9.9
10
10
10
10.05
10.15
10.3
10.7
10.7
10.7
11.45
11.45
15
15
15
17.899
19.909
20
22
24.014
27.5
29.887
