-0.061
-0.06
-0.059
-0.058
-0.058
-0.058
-0.049
-0.042
-0.041
-0.041
-0.041
-0.041
-0.041
-0.041
-0.039
-0.036
-0.036
-0.036
-0.036
-0.031
-0.03
-0.027
-0.026
-0.026
-0.026
-0.025
-0.023
-0.023
-0.014
-0.005
-0.003
0.003
0.003
0.004
0.005
0.017
0.019
0.019
0.021
0.024
0.026
0.032
0.038
0.038
0.038
0.038
0.038
0.038
0.043
0.048
0.057
0.064
0.064
0.067
0.067
0.075
0.077
0.078
0.09
0.094
0.096
0.097
0.104
0.105
0.121
0.123
0.128
0.128
0.15
0.154
0.155
0.16
0.167
0.167
0.172
0.181
0.181
0.184
0.188
0.195
0.2
0.209
0.209
0.211
0.223
0.229
0.238
0.243
0.243
0.243
0.243
0.243
0.256
0.257
0.26
0.283
0.287
0.29
0.295
0.3
0.31
0.32
0.325
0.338
0.353
0.37
0.4
0.4
0.41
0.41
0.419
0.419
0.44
0.45
0.468
0.47
0.473
0.51
0.52
0.534
0.57
0.588
0.59
0.593
0.597
0.597
0.6
0.64
0.64
0.65
0.688
0.705
0.709
0.709
0.724
0.739
0.74
0.792
0.822
0.842
0.846
0.87
0.875
0.92
0.95
0.95
0.98
1
1
1.008
1.008
1.008
1.008
1.008
1.008
1.008
1.008
1.009
1.016
1.03
1.035
1.035
1.035
1.05
1.063
1.08
1.1
1.103
1.15
1.233
1.25
1.257
1.26
1.3
1.34
1.35
1.37
1.4
1.4
1.4
1.403
1.43
1.46
1.507
1.55
1.55
1.6
1.61
1.62
1.644
1.65
1.65
1.7
1.71
1.71
1.71
1.72
1.8
1.837
1.85
1.9
1.995
2
2
2.026
2.05
2.05
2.094
2.094
2.1
2.1
2.143
2.149
2.149
2.15
2.15
2.16
2.2
2.25
2.25
2.3
2.3
2.36
2.4
2.45
2.48
2.5
2.539
2.6
2.7
2.7
2.73
2.75
2.75
2.77
2.77
2.8
2.88
2.9
2.929
2.96
2.98
3
3
3
3.033
3.05
3.05
3.1
3.2
3.2
3.237
3.269
3.275
3.275
3.3
3.39
3.4
3.41
3.45
3.45
3.5
3.5
3.542
3.595
3.65
3.7
3.72
3.81
3.84
3.84
3.844
3.85
3.87
3.87
3.904
3.95
4
4
4.05
4.05
4.05
4.131
4.131
4.15
4.2
4.2
4.243
4.26
4.26
4.27
4.29
4.296
4.48
4.5
4.544
4.55
4.55
4.57
4.634
4.634
4.7
4.73
4.73
4.75
4.85
4.95
4.95
5.02
5.05
5.12
5.137
5.137
5.15
5.15
5.15
5.316
5.35
5.35
5.35
5.35
5.35
5.45
5.45
5.5
5.53
5.544
5.6
5.6
5.6
5.65
5.74
5.75
5.841
6.05
6.05
6.063
6.1
6.22
6.293
6.3
6.35
6.4
6.414
6.45
6.45
6.5
6.52
6.55
6.65
6.65
6.7
6.73
6.85
6.975
6.975
7.01
7.1
7.15
7.15
7.17
7.2
7.35
7.35
7.45
7.45
7.5
7.5
7.5
7.53
7.627
7.649
7.65
7.65
7.69
7.71
7.71
7.84
7.85
7.927
8.01
8.2
8.29
8.29
8.3
8.327
8.327
8.327
8.33
8.35
8.35
8.387
8.387
8.387
8.4
8.515
8.515
8.55
8.55
8.75
8.8
8.809
8.821
8.821
9
9
9
9.1
9.15
9.2
9.2
9.226
9.25
9.25
9.35
9.4
9.45
9.5
9.5
9.51
9.55
9.55
9.58
9.59
9.642
9.65
9.7
9.8
9.85
9.9
9.95
9.967
10
10
10
10
10
10
10
10
10
10
10.04
10.05
10.08
10.15
10.18
10.2
10.25
10.3
10.364
10.38
10.622
10.65
10.7
10.7
10.7
10.86
10.954
11.1
11.151
11.151
11.16
11.19
11.286
11.3
11.4
11.4
11.41
11.44
11.45
11.45
11.5
11.6
11.6
11.8
11.98
12
12
12
12.8
12.916
13
13
13.054
13.079
13.1
13.151
13.598
13.85
13.872
14
14
14.099
14.484
14.5
14.536
14.6
14.8
14.817
14.943
14.943
15
15
15
15
15
15
15.425
15.53
15.53
15.8
16.182
16.182
16.289
16.289
16.63
16.8
17
17.1
17.37
17.37
17.625
17.66
17.899
17.96
18
18
18
18
18.24
18.72
18.8
19
19.55
19.909
20
20
20
20.065
20.5
20.52
20.8
21.3
21.8
21.8
22
22
22.05
22.52
22.7
22.8
23
23
23
23.3
23.52
23.649
24.014
24.3
24.51
25
25.206
25.271
25.42
25.42
25.42
25.8
25.8
26
26.5
27
27
27
27.1
27.3
27.5
27.84
28.084
28.181
28.2
28.3
29.3
29.887
30
30
30
30
30
30
30.092
30.22
