-0.064
-0.061
-0.06
-0.052
-0.04
-0.033
-0.032
-0.032
-0.032
-0.024
-0.016
-0.016
-0.013
-0.013
-0.013
-0.001
0.007
0.007
0.017
0.018
0.031
0.037
0.048
0.048
0.048
0.048
0.06
0.067
0.07
0.078
0.089
0.093
0.107
0.115
0.124
0.128
0.132
0.133
0.138
0.138
0.138
0.138
0.138
0.138
0.157
0.19
0.191
0.191
0.213
0.233
0.257
0.27
0.277
0.29
0.3
0.3
0.304
0.309
0.312
0.32
0.328
0.344
0.345
0.357
0.364
0.365
0.369
0.387
0.421
0.506
0.509
0.51
0.55
0.58
0.59
0.61
0.693
0.747
0.75
0.76
0.866
0.92
0.93
0.946
1.023
1.06
1.127
1.15
1.15
1.17
1.2
1.2
1.224
1.245
1.25
1.3
1.3
1.4
1.436
1.5
1.5
1.531
1.531
1.534
1.55
1.57
1.6
1.711
1.777
1.777
1.784
1.787
1.8
1.833
1.88
1.91
1.93
1.94
2
2
2.03
2.12
2.129
2.17
2.17
2.22
2.255
2.33
2.513
2.54
2.811
2.814
2.852
3
3.2
3.274
3.4
3.478
3.56
3.56
3.56
3.56
3.6
3.6
3.699
3.77
3.95
3.98
4
4.2
4.233
4.303
4.47
4.47
4.5
4.5
4.61
4.645
4.65
4.75
4.751
4.932
4.95
4.961
5
5
5.089
5.3
5.38
5.45
5.65
5.65
5.65
5.669
5.85
6
6.1
6.564
7.01
7.02
7.45
8
8
8
8.011
8.011
8.17
8.56
8.644
8.968
8.985
9.32
9.5
9.606
9.606
9.711
10.092
10.16
10.2
10.2
10.2
10.409
10.409
10.86
12.345
12.45
12.45
13.045
13.893
13.893
14.405
14.462
14.462
15.2
16.87
17.838
18.02
18.02
19
19.233
20
20.455
21
21.7
21.7
22
22.609
23
23.327
23.785
24.38
24.38
24.691
24.691
25
26
26.2
26.264
26.581
27.616
27.719
28.533
28.762
28.762
29.468
30
30
30
30
30
30.7
30.7
