-0.064
-0.061
-0.061
-0.061
-0.06
-0.06
-0.059
-0.058
-0.058
-0.058
-0.056
-0.054
-0.052
-0.052
-0.05
-0.049
-0.044
-0.043
-0.042
-0.041
-0.041
-0.041
-0.041
-0.041
-0.041
-0.041
-0.04
-0.039
-0.038
-0.036
-0.036
-0.036
-0.036
-0.033
-0.032
-0.032
-0.032
-0.031
-0.031
-0.03
-0.027
-0.026
-0.026
-0.026
-0.025
-0.024
-0.023
-0.023
-0.018
-0.016
-0.016
-0.015
-0.014
-0.013
-0.013
-0.013
-0.005
-0.005
-0.005
-0.003
-0.002
-0.001
-0.001
0
0.003
0.003
0.004
0.005
0.007
0.007
0.013
0.013
0.017
0.017
0.017
0.018
0.018
0.019
0.019
0.021
0.024
0.026
0.026
0.031
0.031
0.032
0.033
0.034
0.034
0.036
0.037
0.038
0.038
0.038
0.038
0.038
0.038
0.039
0.043
0.046
0.048
0.048
0.048
0.048
0.048
0.053
0.053
0.057
0.06
0.061
0.064
0.064
0.064
0.064
0.067
0.067
0.067
0.07
0.073
0.073
0.075
0.075
0.075
0.077
0.078
0.078
0.081
0.089
0.09
0.093
0.094
0.096
0.097
0.097
0.101
0.104
0.105
0.107
0.115
0.119
0.121
0.123
0.124
0.128
0.128
0.128
0.132
0.133
0.136
0.137
0.138
0.138
0.138
0.138
0.138
0.138
0.142
0.15
0.15
0.154
0.155
0.157
0.16
0.16
0.163
0.167
0.167
0.171
0.172
0.173
0.173
0.181
0.181
0.182
0.184
0.187
0.187
0.188
0.188
0.19
0.191
0.191
0.195
0.196
0.2
0.201
0.206
0.207
0.208
0.209
0.209
0.211
0.213
0.223
0.229
0.23
0.233
0.234
0.234
0.238
0.243
0.243
0.243
0.243
0.243
0.256
0.257
0.257
0.26
0.266
0.266
0.27
0.277
0.283
0.287
0.29
0.29
0.29
0.29
0.295
0.3
0.3
0.3
0.304
0.304
0.309
0.31
0.31
0.31
0.31
0.312
0.319
0.32
0.32
0.325
0.328
0.338
0.344
0.345
0.35
0.35
0.353
0.355
0.357
0.364
0.365
0.369
0.37
0.37
0.38
0.387
0.4
0.4
0.4
0.409
0.41
0.41
0.415
0.416
0.418
0.419
0.419
0.421
0.44
0.45
0.468
0.47
0.473
0.479
0.5
0.506
0.509
0.51
0.51
0.52
0.52
0.529
0.534
0.55
0.57
0.57
0.58
0.588
0.59
0.59
0.59
0.593
0.597
0.597
0.6
0.6
0.605
0.605
0.61
0.64
0.64
0.65
0.66
0.67
0.688
0.693
0.705
0.709
0.709
0.709
0.715
0.719
0.724
0.739
0.74
0.747
0.75
0.76
0.767
0.767
0.792
0.796
0.796
0.821
0.822
0.842
0.846
0.849
0.866
0.87
0.87
0.875
0.91
0.92
0.92
0.93
0.946
0.95
0.95
0.95
0.98
0.982
0.998
1
1
1.008
1.008
1.008
1.008
1.009
1.016
1.02
1.023
1.03
1.035
1.035
1.035
1.042
1.05
1.06
1.063
1.064
1.064
1.064
1.065
1.065
1.076
1.08
1.09
1.09
1.096
1.1
1.1
1.1
1.103
1.104
1.105
1.105
1.106
1.109
1.112
1.113
1.127
1.13
1.15
1.15
1.15
1.162
1.17
1.18
1.186
1.2
1.2
1.2
1.224
1.23
1.233
1.237
1.245
1.25
1.25
1.257
1.26
1.26
1.265
1.267
1.27
1.279
1.29
1.3
1.3
1.3
1.34
1.35
1.35
1.37
1.4
1.4
1.4
1.4
1.403
1.43
1.436
1.438
1.46
1.465
1.478
1.478
1.5
1.5
1.507
1.531
1.531
1.534
1.55
1.55
1.55
1.57
1.6
1.6
1.61
1.61
1.62
1.64
1.644
1.65
1.65
1.665
1.69
1.7
1.71
1.71
1.71
1.711
1.72
1.73
1.74
1.747
1.76
1.777
1.777
1.784
1.787
1.8
1.8
1.8
1.8
1.82
1.833
1.837
1.85
1.871
1.871
1.871
1.871
1.871
1.88
1.88
1.9
1.91
1.93
1.94
1.95
1.95
1.95
1.95
1.995
2
2
2
2
2.026
2.03
2.03
2.03
2.03
2.03
2.03
2.05
2.05
2.05
2.05
2.05
2.072
2.09
2.094
2.094
2.1
2.1
2.12
2.129
2.133
2.143
2.149
2.15
2.15
2.15
2.15
2.156
2.16
2.17
2.17
2.18
2.2
2.22
2.232
2.25
2.25
2.255
2.3
2.3
2.33
2.35
2.35
2.36
2.4
2.4
2.45
2.45
2.45
2.48
2.5
2.513
2.539
2.54
2.55
2.55
2.6
2.6
2.6
2.6
2.6
2.623
2.7
2.7
2.709
2.73
2.75
2.75
2.77
2.77
2.8
2.8
2.8
2.8
2.802
2.811
2.814
2.83
2.852
2.88
2.9
2.9
2.9
2.91
2.91
2.927
2.929
2.94
2.95
2.96
2.98
3
3
3
3
3
3
3
3.008
3.033
3.05
3.05
3.05
3.05
3.1
3.2
3.2
3.2
3.2
3.2
3.2
3.237
3.269
3.273
3.274
3.275
3.275
3.3
3.32
3.332
3.332
3.332
3.35
3.38
3.38
3.39
3.398
3.4
3.4
3.4
3.41
3.45
3.45
3.45
3.478
3.5
3.5
3.5
3.515
3.542
3.56
3.56
3.56
3.56
3.595
3.6
3.6
3.6
3.65
3.65
3.699
3.7
3.72
3.73
3.75
3.75
3.77
3.8
3.81
3.84
3.84
3.844
3.85
3.87
3.87
3.904
3.92
3.94
3.95
3.95
3.95
3.95
3.98
4
4
4
4
4
4.05
4.05
4.05
4.05
4.1
4.131
4.131
4.15
4.2
4.2
4.2
4.222
4.222
4.222
4.233
4.24
4.243
4.26
4.26
4.27
4.29
4.296
4.303
4.323
4.353
4.37
4.37
4.37
4.39
4.4
4.45
4.46
4.47
4.47
4.48
4.5
4.5
4.5
4.535
4.544
4.55
4.55
4.57
4.61
4.634
4.645
4.65
4.65
4.7
4.73
4.73
4.75
4.75
4.751
4.808
4.85
4.85
4.932
4.95
4.95
4.95
4.95
4.961
5
5
5
5.02
5.04
5.05
5.089
5.12
5.137
5.137
5.15
5.15
5.15
5.152
5.219
5.23
5.23
5.3
5.316
5.35
5.35
5.35
5.35
5.35
5.38
5.45
5.45
5.45
5.5
5.5
5.525
5.53
5.544
5.6
5.6
5.6
5.65
5.65
5.65
5.65
5.65
5.669
5.73
5.74
5.75
5.841
5.85
5.85
5.95
5.95
6
6.05
6.05
6.063
6.1
6.1
6.147
6.22
6.25
6.284
6.293
6.3
6.3
6.35
6.4
6.4
6.414
6.45
6.45
6.45
6.45
6.5
6.52
6.55
6.55
6.55
6.564
6.574
6.6
6.65
6.65
6.7
6.73
6.85
6.97
6.975
6.975
7.01
7.01
7.02
7.03
7.1
7.1
7.1
7.126
7.141
7.15
7.15
7.17
7.2
7.28
7.35
7.35
7.45
7.45
7.45
7.45
7.5
7.5
7.5
7.53
7.627
7.649
7.65
7.65
7.65
7.69
7.71
7.71
7.84
7.85
7.927
7.95
8
8
8
8.01
8.011
8.011
8.05
8.17
8.2
8.268
8.29
8.29
8.3
8.327
8.327
8.327
8.33
8.35
8.35
8.387
8.387
8.387
8.4
8.4
8.487
8.5
8.515
8.515
8.55
8.55
8.56
8.6
8.644
8.75
8.8
8.8
8.809
8.821
8.821
8.822
8.89
8.95
8.95
8.968
8.985
9
9
9
9.1
9.15
9.2
9.2
9.226
9.25
9.25
9.25
9.32
9.35
9.4
9.41
9.45
9.5
9.5
9.5
9.51
9.55
9.55
9.58
9.59
9.606
9.606
9.62
9.642
9.65
9.7
9.711
9.734
9.75
9.8
9.85
9.9
9.903
9.918
9.918
9.918
9.918
9.95
9.965
9.967
9.97
10
10
10
10
10
10
10
10
10
10
10
10.04
10.05
10.08
10.092
10.15
10.16
10.18
10.2
10.2
10.2
10.2
10.25
10.3
10.3
10.3
10.3
10.364
10.367
10.38
10.4
10.409
10.409
10.43
10.513
10.622
10.65
10.7
10.7
10.7
10.8
10.86
10.86
10.954
11
11
11
11.016
11.1
11.11
11.151
11.151
11.151
11.16
11.186
11.19
11.286
11.3
11.3
11.4
11.4
11.4
11.41
11.44
11.45
11.45
11.5
11.6
11.6
11.8
11.98
12
12
12
12
12
12
12
12.345
12.45
12.45
12.6
12.8
12.8
12.916
13
13
13
13
13
13
13.045
13.054
13.079
13.1
13.1
13.151
13.2
13.275
13.275
13.4
13.451
13.598
13.8
13.8
13.8
13.805
13.85
13.872
13.893
13.893
14
14
14.099
14.405
14.462
14.462
14.484
14.5
14.5
14.536
14.6
14.8
14.817
14.9
14.9
14.943
14.943
14.984
14.984
15
15
15
15
15
15
15
15
15.2
15.285
15.425
15.53
15.53
15.7
15.8
15.991
15.991
15.991
16
16
16
16.182
16.182
16.192
16.289
16.289
16.63
16.8
16.87
17
17
17
17.1
17.1
17.297
17.37
17.37
17.541
17.625
17.66
17.838
17.899
17.96
18
18
18
18
18
18
18.02
18.02
18.05
18.05
18.24
18.5
18.72
18.8
19
19
19
19
19.233
19.245
19.265
19.5
19.5
19.55
19.8
19.845
19.902
19.909
20
20
20
20
20
20
20.065
20.455
20.5
20.52
20.8
20.982
21
21
21.3
21.7
21.7
21.8
21.8
22
22
22
22
22.03
22.03
22.05
22.5
22.5
22.52
22.609
22.7
22.8
23
23
23
23
23
23
23
23.3
23.327
23.52
23.649
23.785
24
24.014
24.3
24.38
24.38
24.51
24.691
24.691
25
25
25
25
25.206
25.271
25.42
25.42
25.42
25.5
25.8
25.8
26
26
26
26.2
26.264
26.5
26.581
27
27
27
27.1
27.129
27.3
27.5
27.616
27.719
27.84
28
28
28
28
28
28
28
28
28
28.084
28.181
28.2
28.3
28.533
28.555
28.555
28.762
28.762
29
29.3
29.468
29.796
29.887
30
30
30
30
30
30
30
30
30
30
30
30
30
30
30
30.092
30.22
30.7
30.7
