18
1.5
14
4.5
4.5
0.1
0.3
0.4
1.2
1.9
2.5
2.8
4
9.9
9.9
9.9
23
25
25
30
1.48
1.65
1.735
1.74
1.74
1.74
1.89
15.2
1.800
2.269
2.691
0.058
0.09
0.090
0.126
0.13
0.15
0.23
1.31
1.376
1.927
2.07
3.03
3.64
6.25
6.55
6.91
7.141
7.898
7.97
8.369
8.806
9.599
9.61
9.958
10.04
10.078
10.189
10.300
10.425
10.550
19.96
30
30
0.064
0.112
0.011
2.569
3.069
9.846
4.539
7.824
8.886
9.362
5.813
0.129
2.262
1.415
1.585
2.057
2.594
8.301
11.322
12.520
0.010
0.064
0.074
0.087
0.155
0.157
0.379
8.289
9.076
9.921
10.651
12.027
12.908
14.937
16.092
1.476
1.707
2.900
7.587
4.069
4.277
7.363
0.263
0.337
0.385
0.41
1.035
1.265
1.396
1.482
2.065
2.27
2.898
5.231
7.289
8.202
8.202
8.683
8.706
8.971
10.18
11.119
11.39
12.603
13.069
13.109
13.55
30
0.1
0.185
0.24
0.24
0.35
0.690
1.020
1.25
1.254
1.562
2.234
4.042
4.24
5.010
5.52
6.2
9.65
10.96
11.495
0.008
0.059
0.098
0.637
0.807
1.133
1.955
2.244
5.2
6.4
6.710
6.9
8.550
10.488
11.5
12
12.3
12.555
14.9
16.5
18.7
9.069
1.183
3.029
0.035
0.035
0.048
0.048
0.048
0.048
0.22
0.53
1.08
1.62
1.84
1.996
2.289
2.62
3.03
3.51
3.58
3.65
3.67
3.71
3.74
3.77
3.95
4
4
4
4
4
4.06
4.19
5.68
8.059
8.38
8.64
9.71
10
10
10
10
10
10
10
10
10
10
10.13
10.66
13.41
13.57
13.69
13.75
13.79
13.8
13.83
13.84
13.84
13.845
13.89
13.92
13.97
14.32
14.573
26.15
29.42
0.071
0.588
1.532
2.698
4.032
4.674
6.477
9.588
12.670
16.487
7.547
9.765
2.569
